INFVNNNFNPL,BNFVZNNIUOONU,20190627235958,002,000,IN
VNUILLPUN,BNUUZNZLPOOOP,20190627163457,002,000,ION
ZNUPLOUNN,BNFVZNNFFLPUU,20190627163456,002,000,ION
NPOFLFNLZRR,BNFVZNPVLNPIL,20190627163456,002,000,NPOF
VINLFRLVF,BNUUDUZNVLOVFVFUIVRN,20190627163456,002,000,ION
ILFFRIVVLOI,BNFVZNNIUFUIL,20190627163456,002,000,IL
IOVFVNOPOFLV,BNFVZNFOOLVPU,20190627163456,002,000,IOV
VNNVNNRZO,BNUUZNRIUVNRZ,20190627163456,002,000,ION
VNNVNNRZO,BNUUZNFRVVZPO,20190627163456,002,000,ION
VNNZIZZUU,BURVZNNIUZVIZ,20190627163455,002,000,ION
ZNUNIVOUR,BURVZNLVUZUIZ,20190627163455,002,000,ION
ZFZUPLOIP,BNFVZFUZRURLZN,20190627163455,002,000,ION
ILFFVZZUZNN,BURVZNNIURFIN,20190627163455,002,000,IL
LPRVNVLPZLL,BNFVZNNIURUPN,20190627163455,002,000,LP
ZFPFOVZOZ,BNFVZNNIURZIR,20190627163455,002,000,ION
VNUIVFFUU,BNUUZNLORNRZZ,20190627163455,002,000,ION
IUPPURPVP,BNFVZNFIUPNPL,20190627163455,002,000,ION
IVLPZUULFPN,BURVZNNIULPZP,20190627163455,002,000,IV
VNULILLRZ,BNUUZNZINOFIR,20190627163455,002,000,ION
IZIILILILVIL,BNFVZNNIULNVP,20190627163454,002,000,IZ
LZNONNVVLOFPP,BURVZNIPORZZI,20190627163454,002,000,LZ
IUPPURPVP,BNFVZNLUPRZFV,20190627163454,002,000,ION
ILFNOFLFLFV,BNFVZNFNRLNLL,20190627163454,002,000,IL
ILFFFOVNVLN,BURVDUZNZUUZFZFORLOP,20190627163454,002,000,IL
ZFOZIRVNU,BNUUZNZVUROLZ,20190627163454,002,000,ION
IIFOVVIZLIU,BNFVZNRNZOVII,20190627163454,002,000,II
ZFOZIRVNU,BNUUZNZIUFRPR,20190627163454,002,000,ION
ZFOZIRVNU,BNUUZNOPILIOO,20190627163454,002,000,ION
ZFOZIRVNU,BNUUZNILNIUIP,20190627163454,002,000,ION
ILFRIFVVIZZ,BURVVVUZVUPUO,20190627163454,002,000,IL
VOVRUNUNR,BNUUZNLVRNUFR,20190627163454,002,000,ION
ZIPOVLVVL,BNFVZNIRFLFZU,20190627163454,002,000,ION
LLRRLOOOOLRL,BNFVZFUZNPUVL,20190627163453,002,000,LL
ILFRUIFLVIV,BNFVZNNIUZORP,20190627163453,002,000,IL
LLROLUUUUINN,BNFVZNNIURNNN,20190627163453,002,000,LL
ZFFRZIUUN,BNFVZFUZRUNPRL,20190627163453,002,000,ION
IUPPULIZN,BURVZNRZOILPR,20190627163453,002,000,ION
IIRPOFLIRVZ,BNFVZNNOIOZLO,20190627163453,002,000,II
VNUILUFPI,BNUUZNZNNNIOF,20190627163453,002,000,ION
ZNPVFVNUR,BNFVZNLZUPZPZ,20190627163453,002,000,ION
VNUILIRRO,BNUUDUZNZUUZIONFIUUI,20190627163453,002,000,ION
ZFOZIRVNU,BNUUZNINNZPZP,20190627163453,002,000,ION
IVVVZZZFZO,BURVZNNIURNIF,20190627163453,002,000,IV
VNUILLPUN,BNUUZNZFOLNZR,20190627163453,002,000,ION
VOVRUNUIV,BNUUZNOILPFPF,20190627163453,002,000,ION
LLNFNRFPUZNU,BNFVZNIIVLOLF,20190627163453,002,000,LL
INFNZVUULOL,BNFVZNZVNNURF,20190627163452,002,000,IN
VNNLOLUUU,BNUUZNFOPRVLR,20190627163452,002,000,ION
ZNUFIIRVL,BURVZNOVNFIRN,20190627163452,002,000,ION
IOIRFPPPRPUL,BNFVZNNIULNLV,20190627163452,002,000,IOI
ILFFNRPOUNZ,BNFVZNOIUVFZI,20190627163452,002,000,IL
VNUINNRVL,BNUUZNZZPPUIL,20190627163452,002,000,ION
VNNLOLUUU,BNUUDUZNZUUZFIUZFUFL,20190627163452,002,000,ION
LLVUIVPFFVZF,BURVDUZNVLFVNPOLPLPR,20190627163452,002,000,LL
IVLFOOFUIIR,BURVZNUNOLLUL,20190627163452,002,000,IV
VNUIIULUF,BNUUZVUVVUURO,20190627163452,002,000,ION
VNUILUFPI,BNUUZNZLPZOOZ,20190627163452,002,000,ION
ILFNNNZLOZV,BNFVZFPRLNFUZ,20190627163452,002,000,IL
VOVRUNUNR,BNUUZNLVRUOIN,20190627163452,002,000,ION
LZNOROZUINVVN,BNFVZNNOFPIUV,20190627163452,002,000,LZ
ZNFFOIOPP,BNFVZNPZVVPUN,20190627163451,002,000,ION
VNNVVFRON,BURVZNLFFFFPI,20190627163451,002,000,ION
IUPPURPVP,BNFVZNZZFFPPN,20190627163451,002,000,ION
VNNLOLUUU,BNUUZNFIRFLZL,20190627163451,002,000,ION
VNNLOLUUU,BNUUZNPVVPZOV,20190627163451,002,000,ION
VNUIUPUIO,BNUUZNIUPUIUP,20190627163451,002,000,ION
VNNUVNFIU,BNUUZNNULRRUF,20190627163451,002,000,ION
INFLPVORZVV,BNFVZNNIUFIZL,20190627163451,002,000,IN
VNIZINIRU,BNUUZNLNNFFZF,20190627163451,002,000,ION
VNUIULPIU,BNUUZNZZPPVOU,20190627163451,002,000,ION
ZFPFOVZOZ,BNFVZNNIURZIR,20190627163451,002,000,ION
VNNLOLUUU,BNUUZNNVUNVZI,20190627163451,002,000,ION
VNUIULPNR,BNUUZNVUPLZPO,20190627163451,002,000,ION
VOPRIZFUU,BNFVZNNOPNUFL,20190627163450,002,000,ION
ZNOPIPONZ,BNFVZNIOOROIR,20190627163450,002,000,ION
LLRRLVVOILZN,BURVZNLNVLNOZ,20190627163450,002,000,LL
ZNVVVOFFP,BURVZNNIUFZLO,20190627163450,002,000,ION
LFRUFRUIZLV,BNFVZNLOVUPNL,20190627163450,002,000,LF
ILFUULPRFUL,BNFVZNNIURRPF,20190627163450,002,000,IL
VROFOZNUO,BNUUDUZNZUUZFLLORLVZ,20190627163450,002,000,ION
VNUILLPUN,BNUUZNLIPLVVL,20190627163450,002,000,ION
IZIVPUUNOZFN,BNFVZNZPZZPNU,20190627163450,002,000,IZ
VOVRUNUNR,BNUUZNLVFRNZF,20190627163450,002,000,ION
ZFPFOVZOZ,BURVZNNIURZIR,20190627163449,002,000,ION
ZFPFOVZOZ,BURVZNNIURZIR,20190627163449,002,000,ION
ZNVIPZPZL,BNFVZNOLLRNRV,20190627163449,002,000,ION
VNNVUFZUP,BURVZNIRUPPPU,20190627163449,002,000,ION
ONZZORIUNLR,BURVZNNIURNFL,20190627163449,002,000,ON
ZNOUUNIFI,BNFVZFRPVZZPL,20190627163449,002,000,ION
IIFRLVLIOVP,BNFVZNFRLRZLZ,20190627163449,002,000,II
ZFOZIRVNU,BNUUZNVOFRVOI,20190627163449,002,000,ION
ZFOZIRVNU,BNUUZNRVLOIUN,20190627163449,002,000,ION
IOVFVNRRFRFL,BURVZNIZIIRPV,20190627163449,002,000,IOV
ZVLLUUZRV,BNFVZNNIUPUNR,20190627163449,002,000,ION
VINIUOURV,BNUUZNONROPON,20190627163449,002,000,ION
ZIPFUUVLO,BURVZNOLRZOOZ,20190627163449,002,000,ION
NRPULOFFFRF,BURVDUZNZUUZIZRZFNRL,20190627163449,002,000,NRPU
VOVRUNUNR,BNUUZNLVFIZLU,20190627163449,002,000,ION
LZNOVUVONLOPR,BNFVZNNIUOVNI,20190627163448,002,000,LZ
LNRFLZUVUFV,BNUUZNOLNFZNL,20190627163448,002,000,LN
ZNVUUPIZV,BNFVZNRUIZFVR,20190627163448,002,000,ION
LLRPVORFOONI,BNFVZNNIUPZPI,20190627163448,002,000,LL
ZFPFOVZOZ,BURVZNNIURZIR,20190627163448,002,000,ION
VVUIUZPRN,BNUUZNLFRPLUP,20190627163448,002,000,ION
LNRZPVNVNVN,BURVZNNIURPUU,20190627163448,002,000,LN
VLIIUUVUU,BNUUDUZNVLFVNLNZPVOR,20190627163448,002,000,ION
IULOUIPNN,BNUUZNZINPULU,20190627163448,002,000,ION
VNNVNNRRV,BNUUZNLULZRIP,20190627163448,002,000,ION
ZNIIRRRRU,BNFVZNUPLZVOF,20190627163447,002,000,ION
LLVUIZOUULVR,BNFVZFUUVRPNL,20190627163447,002,000,LL
VOVRUNUNR,BNUUZNLVFIVRR,20190627163447,002,000,ION
NVVLVVNPUOI,BNFVZNNIUZIFF,20190627163447,002,000,NVVL
ZFPFOVZOZ,BURVZNNIURZIR,20190627163447,002,000,ION
ZNVLNOZIL,BNFVZNFFLPURP,20190627163447,002,000,ION
VNUIUVUVF,BNUUZNFLZONOP,20190627163447,002,000,ION
IUPPUNOVV,BNFVZNVVNZIUZ,20190627163447,002,000,ION
ILFUUPIZFVI,BNFVZNFVIVLOR,20190627163447,002,000,IL
ILFIPFONPNN,BNFVZNNIUFFRL,20190627163447,002,000,IL
ZNZVIZOLP,BNFVZNNFFLPUU,20190627163446,002,000,ION
ZILUUFNRN,BNFVZNNFFLPUU,20190627163446,002,000,ION
ZFONOLLRZ,BNFVZNNIURLZO,20190627163446,002,000,ION
IULOUIPNO,BNUUZVUVRRULP,20190627163446,002,000,ION
ILFRUFUUIOR,BURVDUZNZUUZFFRVNNZF,20190627163446,002,000,IL
IULOUUPUU,BNUUZNVLNONFN,20190627163446,002,000,ION
ZFOZOORZL,BNUUZNVNUZVZN,20190627163446,002,000,ION
VVUIUZPRU,BNUUZNRFUIROV,20190627163446,002,000,ION
ZNIVPOFLP,BNFVZNLOZFPPU,20190627163446,002,000,ION
ZVUNLZLZO,BURVZNRLIORNF,20190627163446,002,000,ION
INPPOLOZLPN,BNFVZNNIULNOV,20190627163445,002,000,IN
IIFLUVZPVRI,BNFVZNVFUUILR,20190627163445,002,000,II
ZIUORLIZL,BNFVZFFZFNLFU,20190627163445,002,000,ION
VPIZOZZFZ,BNUUZNLVURLLP,20190627163445,002,000,ION
IIIOROLUOVU,BNFVZNNIUOZRN,20190627163445,002,000,II
VVUIUZPRU,BNUUZNLRUVUIF,20190627163445,002,000,ION
ZNPNOIZRO,BNFVZNNFFLPUU,20190627163445,002,000,ION
ZFOZIRVNU,BNUUZNVZRZOFN,20190627163445,002,000,ION
ZFRIPVZUN,BURVDUZNVLFVNLVUZFRI,20190627163445,002,000,ION
VNUIUVUPO,BNUUZNIRUPOVZ,20190627163445,002,000,ION
ZNPLLFIOL,BNFVZNNFFLPUU,20190627163444,002,000,ION
NRUILZFIIRL,BNFVZNNIUZZUO,20190627163444,002,000,NRUI
IUPPUNPNU,BNFVZNUZNRZLN,20190627163444,002,000,ION
IVLVRRUVRF,BURVZNNIUOIIV,20190627163444,002,000,IV
VOVRUNUNR,BNUUZNLVFURLI,20190627163444,002,000,ION
VNUILIRRO,BNUUZNZZZVURR,20190627163444,002,000,ION
VVUIUZPRN,BNUUZNZINFZVZ,20190627163444,002,000,ION
LLVUIZFNFLPZ,BNFVZVUIONFUU,20190627163444,002,000,LL
IIFNRRUOPOF,BNFVZNIZFIULN,20190627163444,002,000,II
VNUIUPUIO,BNUUZNFUZOUNI,20190627163444,002,000,ION
ZNRILOORV,BURVDUZNVLFVLLOUILIR,20190627163444,002,000,ION
VVUIUZPRU,BNUUZNIPFVLFP,20190627163444,002,000,ION
ZNVVOIFVF,BNFVZNPFUOFRZ,20190627163444,002,000,ION
VNUIIRUNV,BNUUZNURZFORR,20190627163444,002,000,ION
LPVVVNZFLRP,BURVVOPUVRFFR,20190627163443,002,000,LP
LLNOPVPURZFZ,BNFVZNNIUROPO,20190627163443,002,000,LL
IIFNRRVULFF,BNFVZNLNLZFPI,20190627163443,002,000,II
IOVFVNNOONUI,BNFVZNNIUZIVI,20190627163443,002,000,IOV
ZNIOFNZFP,BURVZNUNVULLU,20190627163443,002,000,ION
ZNUVVFIVI,BNFVZNVLNOUUO,20190627163443,002,000,ION
ZFOZIRVNU,BNUUZNPILPLRO,20190627163443,002,000,ION
ZFOZIRVNU,BNUUZNRIIZPFO,20190627163443,002,000,ION
ZFOZIRVNU,BNUUZNVIONORU,20190627163443,002,000,ION
ZFOZIRVNU,BNUUZNFFZVPFR,20190627163443,002,000,ION
ZNZLLZINF,BNFVZNINIVFLR,20190627163443,002,000,ION
VNUILUFPI,BNUUZNLZLPPRI,20190627163443,002,000,ION
VNUILUFPI,BNUUZNUUIOVRF,20190627163443,002,000,ION
VNUILUFPI,BNUUZNONOZFIL,20190627163443,002,000,ION
ZNIRULZOU,BNFVZNLOOLOZV,20190627163442,002,000,ION
IIRFVIIFVNR,BNFVZNRUIFLLL,20190627163442,002,000,II
LZNRIVFPZIVI,BNFVZFRVNLUUL,20190627163442,002,000,LZ
IZIIILVLRUPL,BNFVZNNIUZRFI,20190627163442,002,000,IZ
LZNRVOVVZLIL,BNFVZNLOOZZRR,20190627163442,002,000,LZ
VNUIVNVRO,BNUUDUZNZUUZIOUUUUFZ,20190627163442,002,000,ION
LLRRPOIULUIU,BNFVZFUPIPRLO,20190627163442,002,000,LL
VLLZIFLIFZNN,BNFVZNOLURNUR,20190627163442,002,000,VLL
VNUILIRRO,BNUUZNZIRINNP,20190627163442,002,000,ION
VNUINFVRL,BNUUZNFUZLOIL,20190627163442,002,000,ION
ILZNPUZZRVL,BNFVZNNIUZLZN,20190627163441,002,000,IL
IOIPRVVUULPP,BNFVZNNIURIRN,20190627163441,002,000,IOI
ZNFIFUFIR,BURVZNRNVLROZ,20190627163441,002,000,ION
VNNLOUIZR,BNFVZFPZRZUOP,20190627163441,002,000,ION
VNULILLRZ,BNUUZNILPRPRF,20190627163441,002,000,ION
ZFOZIRVNU,BNUUZNVPVLIPN,20190627163441,002,000,ION
ZFOZIRVNU,BNUUZNIOOLVZL,20190627163441,002,000,ION
VNNVVZUFO,BNUUDUZNZUUZVLUFPVPU,20190627163441,002,000,ION
VNUIIOZPI,BNUUZNUULIPOP,20190627163441,002,000,ION
IZIIOLUPLOR,BNFVZNRFFZUNF,20190627163440,002,000,IZ
IIFINZZOIPF,BNFVZNUFPVNNR,20190627163440,002,000,II
ZNUUOOZFF,BNFVZNPORIFOV,20190627163440,002,000,ION
ZNORZINVR,BNFVZVFVVRUOF,20190627163440,002,000,ION
IIFILVLOFIN,BNFVZNNONVNUV,20190627163440,002,000,II
ZNVLUFLPL,BNFVZFUZRURFPF,20190627163440,002,000,ION
ZNNZINUIR,BNFVZFZIFVZZR,20190627163440,002,000,ION
IZUPVOLLPLLL,BNFVZNVIVPIII,20190627163440,002,000,IZ
VNULIROUU,BNUUZNZLFNUIU,20190627163440,002,000,ION
ZNLPRNNRZ,BNFVZNFUFRVVP,20190627163440,002,000,ION
LNRFVLFNILV,BNUUZNNUIZLFU,20190627163440,002,000,LN
IUUUUFZUP,BNUUDUZNVLFVNPNRUVFR,20190627163440,002,000,ION
LNRZPZLLZZF,BURVDUZNZUUZIZFNZZLF,20190627163439,002,000,LN
ZRVIZFNRFPO,BURVZNNIUPFOZ,20190627163439,002,000,ZRV
VNNLONLPV,BURVZNIFVPLPR,20190627163439,002,000,ION
ZIOUFPZPL,BNFVZVUOUOPNL,20190627163439,002,000,ION
IPOVVFFUUPN,BURVDUZNVLOVNLORNFUR,20190627163439,002,000,IPO
ZNZIFFINZ,BNFVZNRVOIFLR,20190627163439,002,000,ION
INRUONVZPUL,BNFVZNLZLPVRU,20190627163439,002,000,IN
ZFOZIRVNU,BNUUZNIULNUUR,20190627163439,002,000,ION
ZNRVOPRIU,BNFVZNRFNOLLO,20190627163438,002,000,ION
VNNLOLUUU,BNUUZNRPLOLFN,20190627163438,002,000,ION
ZFFPPVFNI,BNFVZNINURLFV,20190627163438,002,000,ION
ILFOOZPFRPZ,BNFVZNNIUOINN,20190627163438,002,000,IL
VOVRUNUNR,BNUUZNLVOOPPO,20190627163438,002,000,ION
IIFOUVULFZN,BNFVZNNIUPPIF,20190627163438,002,000,II
VNULNPVZR,BNUUZNFNLLRUL,20190627163438,002,000,ION
VNNLOLUUU,BNUUZNUFLPVVN,20190627163438,002,000,ION
ILFOLPNFOPZ,BNFVZNNIUFNFL,20190627163438,002,000,IL
VNUILUFPI,BNUUZNZVZLPNZ,20190627163438,002,000,ION
IUPPUNOVV,BNFVZNVVNZIUZ,20190627163438,002,000,ION
VNNLOLUUU,BNUUZNILVRUZP,20190627163437,002,000,ION
IIFIOIZLZVI,BNFVZNPFIFOPU,20190627163437,002,000,II
IIFFRFNOFRI,BNFVZNNIURPLZ,20190627163437,002,000,II
ZIIIFRNVL,BURVZNPPRVNVN,20190627163437,002,000,ION
ZNILPZZRR,BNFVZNLILPLVV,20190627163437,002,000,ION
VNRRNLUUU,BNUUZNPZPUUFN,20190627163437,002,000,ION
ZFOZIRVNU,BNUUZNUZONUVP,20190627163437,002,000,ION
ZFOZIRVNU,BNUUZNPNVNZLI,20190627163437,002,000,ION
LIFFLPIZROFF,BURVDUZNZUUZFNOPOZFN,20190627163437,002,000,LI
ZFOZIRVNU,BNUUZNFLLZIPZ,20190627163437,002,000,ION
ILFZURILNNV,BNFVZNNIUFLPU,20190627163436,002,000,IL
ILFOULPILFL,BNFVZNFRRFVUI,20190627163436,002,000,IL
ZNRRNUNFO,BNFVZNZPOFVOV,20190627163436,002,000,ION
VOVRUNUNR,BNUUZNLVNRPUV,20190627163436,002,000,ION
LLVURZUNURFI,BURVDUZNZUUZFPLLUUNP,20190627163436,002,000,LL
OVZFNLOVVUZP,BNFVZNNIURZNR,20190627163436,002,000,OV
IIFFVUVZFPL,BNFVZNNIUZFII,20190627163436,002,000,II
IZIINORLIVUR,BNFVZNRVRIFPR,20190627163436,002,000,IZ
VNINVFVUU,BNUUVNOZFPUNZ,20190627163436,002,000,ION
ZVFOUZLIN,BNFVZFIPZFLIV,20190627163435,002,000,ION
NIUOLIZPUNF,BNFVZNNIUORFU,20190627163435,002,000,NIUO
ZVORFOOPF,BNFVZNNIULFPL,20190627163435,002,000,ION
VNUINUVFR,BNUUZNLPUPULF,20190627163435,002,000,ION
VLIPNVFLFFLP,BNFVZNPZUIUOL,20190627163435,002,000,VLI
LLRZFZIOZILV,BURVZNOLZPRON,20190627163435,002,000,LL
IUPPUFZZV,BURVDUZNVLOVFFRULRPV,20190627163435,002,000,ION
ZNZLFLFZZ,BNFVZNFZOUIIZ,20190627163435,002,000,ION
ZNOLOLUNI,BNFVZNPRPRRVF,20190627163435,002,000,ION
LZNFIOUNROFF,BNFVZNZRIVPZF,20190627163435,002,000,LZ
LZNRFUVIVRVO,BNFVZFULROPUP,20190627163434,002,000,LZ
NVRUINLUVLZ,BNFVZNNIUFFFL,20190627163434,002,000,NVRU
IOVFVNIIIFOP,BNFVZNNIUPNPR,20190627163434,002,000,IOV
ZNLRFVNUO,BNFVZNLUINZNF,20190627163434,002,000,ION
LLVUPUPZORFI,BNFVZNRIVOVOO,20190627163434,002,000,LL
IOIPINUVFFPO,BURVDUZNZUUZVRVPPOUI,20190627163434,002,000,IOI
ZNFFPFIRZ,BNFVZNVILZZRI,20190627163434,002,000,ION
VVUIUNVNN,BNUUZNZVFPRLO,20190627163434,002,000,ION
INFIPIZNRFP,BURVZNINPURZU,20190627163434,002,000,IN
IVLROIUVNPI,BNFVZNZVIVLFO,20190627163434,002,000,IV
IUPPURULU,BURVZNURNUPZO,20190627163433,002,000,ION
ZNNPIIZRI,BNFVZNOLZNIPF,20190627163433,002,000,ION
ZIPUORVVL,BURVZNRRFRRUU,20190627163433,002,000,ION
VNUIINUZI,BNUUZNLNZFROR,20190627163433,002,000,ION
VNUIVFUFL,BNUUZNIZROFNL,20190627163433,002,000,ION
LURVFLOVFOO,BNFVZVUVFLNRF,20190627163433,002,000,LU
LNRRLOOLRUI,BNFVZNLFFFPII,20190627163433,002,000,LN
ZNPNLLFNO,BNFVZNPNLONZF,20190627163432,002,000,ION
ZNFPRNURP,BNFVZNOLUONFI,20190627163432,002,000,ION
ZIVIUFFZL,BURVZNPRPPLPF,20190627163432,002,000,ION
NRNILNFVIVO,BURVDUZNZUUZFILLNOII,20190627163432,002,000,NRNI
VNNZIZZUU,BURVZNNIUFRUU,20190627163432,002,000,ION
ZNRONUPNV,BNFVZFIVLOVZU,20190627163432,002,000,ION
VOVRUNUNR,BNUUZNLVLRZPL,20190627163432,002,000,ION
VOVRUNUIV,BNUUZNILNVUUZ,20190627163432,002,000,ION
LLRPFLPFIUUP,BNFVZNNIURLIL,20190627163432,002,000,LL
IIRPFLVLNVL,BNFVZNOUPRLLZ,20190627163432,002,000,II
VNNVNPFIU,BNUUDUZNVLFVNRNUZUPU,20190627163432,002,000,ION
LLRLFUIFOPII,BNFVZNVPUVPOV,20190627163432,002,000,LL
IIRFZOLVVFO,BNFVZNLZZOUZF,20190627163432,002,000,II
IIFVUFRURUN,BNFVZNNIUPILV,20190627163432,002,000,II
VNUILNNFZ,BNUUDUZNZUUZFLVOPVUL,20190627163432,002,000,ION
ZZLRULZPZFII,BNFVZVUIOVVIV,20190627163432,002,000,ZZL
VNNLONFZU,BNUUDUZNVLOVNRVVIVNI,20190627163431,002,000,ION
NVUZFUOFVRR,BNFVZNLIZIVPF,20190627163431,002,000,NVUZ
ILFPRLUNOFL,BNFVZNIUZOLRI,20190627163431,002,000,IL
IUPPURULU,BURVZNLZPRZLZ,20190627163431,002,000,ION
LLNFNRIPNPPV,BNFVZFUZNFVUN,20190627163431,002,000,LL
VNUILNUZU,BNUUVOVVIVNLN,20190627163431,002,000,ION
VOVRUNUIV,BNUUZNOOPIPUZ,20190627163431,002,000,ION
ZIVLUVOZI,BNFVZNNUZNUFF,20190627163431,002,000,ION
VNUILLPUN,BNUUZNFOOZPRN,20190627163431,002,000,ION
IILVUNUNVNO,BNFVZNNIUZLFF,20190627163431,002,000,II
ILFZIOZZOUP,BNFVZNNIUPUFN,20190627163430,002,000,IL
LLNFNZIOVNUU,BNFVZFURIRUNP,20190627163430,002,000,LL
LZLNFNPFFZPNV,BURVZNINRUUOO,20190627163430,002,000,LZ
ZNOOUFFIL,BNFVZNOOUFFIO,20190627163430,002,000,ION
LLVUIZFNFLPZ,BURVZVUIONFUU,20190627163430,002,000,LL
ZNUZLLLOO,BNFVZNLUNZZFV,20190627163430,002,000,ION
VOVRUNUNR,BNUUZNLVLOUNF,20190627163430,002,000,ION
VNINIFNNV,BNUUZNVNUUIUZ,20190627163430,002,000,ION
VNUINNRVL,BNUUZNRURPLZP,20190627163430,002,000,ION
ZFOZIRVNU,BNUUZNIPULIIR,20190627163430,002,000,ION
ZFOZIRVNU,BNUUZNZUNRIUI,20190627163430,002,000,ION
ZFOZIRVNU,BNUUZNNRPULRP,20190627163430,002,000,ION
ZFOZIRVNU,BNUUZNIILLPVZ,20190627163430,002,000,ION
ZNIVFNLOO,BNFVZNZLIFPLZ,20190627163430,002,000,ION
VNINRLVIN,BNFVZNNIULUZI,20190627163430,002,000,ION
ZNFUVFUNZ,BNFVZNRNLPPFR,20190627163430,002,000,ION
ZNPIVOZLL,BNFVZNRFVOUZV,20190627163429,002,000,ION
IOPLLIRUZZII,BNFVZNNIUZFRN,20190627163429,002,000,IOP
VNLNRPVRR,BNFVZVUVPRNLU,20190627163429,002,000,ION
ZNLZPLUUO,BNFVZNRZIPOOZ,20190627163429,002,000,ION
ZNZPUVZPR,BNFVZFLINUOUU,20190627163429,002,000,ION
VZFIUOILP,BNUUZNOFRVZON,20190627163429,002,000,ION
VOVRUNUNR,BNUUZNLVLIZVP,20190627163429,002,000,ION
LLVUIFFFORUU,BURVZNFRLZNZR,20190627163429,002,000,LL
VNNVULUVU,BNUUDUZNZUUZFRIZUOIV,20190627163429,002,000,ION
ZINRFROON,BNFVFUZNVNVZOIL,20190627163428,002,000,ION
ZNLRZNFLL,BURVZNZZIVIOF,20190627163428,002,000,ION
ILFOLILNONU,BNFVZNNIURUUR,20190627163428,002,000,IL
IUPPUNOVV,BNFVZNVVNZIUZ,20190627163428,002,000,ION
ZIIVNNVVO,BURVDUZNZUUZFFUIRIVR,20190627163428,002,000,ION
LLRONVRUPNUO,BNFVZNNIUFFRF,20190627163428,002,000,LL
IIFFURPNOIO,BNFVZNRZZZVRN,20190627163428,002,000,II
VNUIIRPPI,BNUUZNVIZZFLR,20190627163428,002,000,ION
ILFOFZFUUOL,BURVDUZNZUUZIIUIUUUL,20190627163427,002,000,IL
LZVUNPONORFOP,BNFVZNNIUZRUR,20190627163427,002,000,LZ
ZNIFFFLNU,BNFVZNRZUOZNN,20190627163427,002,000,ION
ZNRUFOFIF,BURVZNFFPFIVN,20190627163427,002,000,ION
VNNLOLUUU,BNUUZNIPOFRFV,20190627163427,002,000,ION
LLRILNVVZRLR,BNFVZVUUFNLOL,20190627163427,002,000,LL
VOVRUNUNR,BNUUZNFUIIVIN,20190627163427,002,000,ION
NPFVIUZONIO,BNFVZNNIUZILN,20190627163427,002,000,NPFV
IIFVRILVRUF,BURVDUZNZUUZFOULLLPU,20190627163427,002,000,II
IULOUIOPF,BNUUZVUOPPRFU,20190627163427,002,000,ION
IZIIONORUFUU,BNFVZNNIUFOVF,20190627163426,002,000,IZ
VNNLOLUUU,BNUUZNPNILIPI,20190627163426,002,000,ION
IIFPNOLUNZP,BNFVZNFZRFRON,20190627163426,002,000,II
ILFNPUILVVL,BURVDUZNZUUZIIZRFZUP,20190627163426,002,000,IL
VNNLOLUUU,BNUUZNOILVOZL,20190627163426,002,000,ION
ILFPLINZOZO,BNFVZNNIUPIPP,20190627163426,002,000,IL
ILFFRZZVLFL,BNFVZNNIURIRL,20190627163426,002,000,IL
IULOUIIOF,BNUUZNRZNLOPF,20190627163426,002,000,ION
IULOUIFIO,BNUUZNZINPULU,20190627163426,002,000,ION
IOIPFPPVRRRF,BNFVZNNIUFNOV,20190627163426,002,000,IOI
VNUNZIUVO,BNUUZNIIVORPI,20190627163426,002,000,ION
ILFURVPPRLZ,BNFVZNZOVNLFO,20190627163425,002,000,IL
LLNFNRFPUZNU,BNFVZNZVUZNZI,20190627163425,002,000,LL
OIUINZLO,BNFVZFLVINVZP,20190627163425,002,000,ION
IINLRUUOUUV,BNFVZNNIULOOP,20190627163425,002,000,II
ZNUNRUURI,BNFVZNINLUOPL,20190627163425,002,000,ION
IIRPPIOPZFU,BNFVZNNIUPPIU,20190627163425,002,000,II
VFVPIUIUU,BNUUZNZFIUPUL,20190627163425,002,000,ION
ZNZVILVVU,BNFVZFOLNNIRU,20190627163425,002,000,ION
LZNRIFNULRUF,BNFVZNNIUPUIV,20190627163425,002,000,LZ
IIFZPRUPILL,BNFVZNNIURZZV,20190627163424,002,000,II
ZNVPNLION,BNFVZNNFFLPUU,20190627163424,002,000,ION
ZNLPNOFNP,BNFVZNPUNILLI,20190627163424,002,000,ION
VOVRUNUNR,BNUUZNLVLNLUL,20190627163424,002,000,ION
VNRPVFOFU,BNUUDUZNVLFVNLUVNFPL,20190627163424,002,000,ION
VNUIVPPZV,BNUUZNIRFIIVR,20190627163424,002,000,ION
INVUVOVZUUU,BNFVZNNIUFIFP,20190627163424,002,000,IN
IULOUIIOF,BNUUZNOVUVILF,20190627163424,002,000,ION
ZNVNRIIFU,BNFVZNZVRZZFL,20190627163424,002,000,ION
VIFZONOVP,BNUUZNZFLFZZI,20190627163423,002,000,ION
ZFVUFRNNP,BURVZNNFFLPUU,20190627163423,002,000,ION
IIFFFLOLIPU,BNFVZNNIUFVPU,20190627163423,002,000,II
LLIIIIIPNUFI,BNFVZFURNLOOO,20190627163423,002,000,LL
NVUILNOOLPU,BNFVZNNIURUVR,20190627163423,002,000,NVUI
ZLRRNLUIPFR,BNFVZNNIULPOU,20190627163423,002,000,ZL
OOONIZIRPLZR,BNFVZNUIRZNON,20190627163423,002,000,OO
VOVRUNUNR,BNUUZNLVLNNVU,20190627163423,002,000,ION
LNRFFZIIIRL,BNUUZNFUOLFZZ,20190627163423,002,000,LN
OOINIRFPLUIN,BNFVZNNIULOOV,20190627163423,002,000,OO
ZNROOFFRN,BNFVZNRIILNIF,20190627163423,002,000,ION
ZZLRULZPZFII,BNFVZVUIOVVIV,20190627163422,002,000,ZZL
IIFRZNULIFN,BURVDUZNZUUZFRVPZIUP,20190627163422,002,000,II
IOVVRZZUNZZNR,BNFVZNNIUZZLN,20190627163422,002,000,IOV
IUPPURPVP,BNFVZNIZZFNFZ,20190627163422,002,000,ION
ZFOZIRVNU,BNUUZNZZRNVZP,20190627163422,002,000,ION
ZFOZIRVNU,BNUUZNRLULLZF,20190627163422,002,000,ION
ZFOZIRVNU,BNUUZNVPPPFRR,20190627163422,002,000,ION
ZFOZIRVNU,BNUUZNIFOIZNF,20190627163422,002,000,ION
ZFOZIRVNU,BNUUZNURVNORR,20190627163422,002,000,ION
ZNLROUOUP,BURVZNOZUVVRN,20190627163422,002,000,ION
NPPPRURVFOR,BURVDUZNZUUZFRRPINLR,20190627163422,002,000,NPPP
VNUFUUNLI,BNFVZNLRPURRU,20190627163422,002,000,ION
ILFUULFINZV,BNFVZFPOZRVVI,20190627163422,002,000,IL
VNULOFOPP,BNUUDUZNVLOVNZNOLOVU,20190627163422,002,000,ION
LLNZUIRPIIIZ,BNFVZFURIFVRP,20190627163422,002,000,LL
ZNUFIIRVL,BURVZNOVNFIRN,20190627163421,002,000,ION
ZNRORORIP,BNFVZNZUNNUNU,20190627163421,002,000,ION
IIRONOIUPRL,BURVZNUZVVVVI,20190627163421,002,000,II
ZNPUOZFROLVZ,BNFVZVUNNNVVP,20190627163421,002,000,ZN
LZPRFNRVRUFL,BNFVZNNIUOFZP,20190627163421,002,000,LZ
IIFFIFOUNIO,BNFVZNNIULROP,20190627163421,002,000,II
IOIPFILRFVLL,BNFVZNNIUPZUP,20190627163421,002,000,IOI
VNUILVOOF,BNUUZNLVROFPF,20190627163421,002,000,ION
VNUIULPIU,BNUUDUZNZUUZVFFVVRPV,20190627163421,002,000,ION
ILFFZZRLUIZ,BNFVZNZINUNNI,20190627163421,002,000,IL
ZIOFLVUIU,BNFVZNNIUFVZZ,20190627163421,002,000,ION
IIROINUULZV,BNFVZNNIUFVZP,20190627163420,002,000,II
IIFNUVRIVRL,BNFVZNNIULOLO,20190627163420,002,000,II
ZIOULUNUU,BURVZNIOFRFUU,20190627163420,002,000,ION
VNNLOUIZR,BNFVZFRNLIIZV,20190627163420,002,000,ION
ILFPIFRIRVI,BNFVZNOUUNOFV,20190627163420,002,000,IL
ILFILZFFFVN,BNFVZNNOFPIUV,20190627163420,002,000,IL
IOIPORIZVLNF,BNFVZNNIUOPRZ,20190627163420,002,000,IOI
IIRRPFZUNLP,BNFVZNNIUFLPN,20190627163420,002,000,II
IZUVVZOVVURF,BNFVZNLPPONUR,20190627163420,002,000,IZ
ZNFLZONVL,BNFVZNFUUUZVN,20190627163419,002,000,ION
LLVUIZFNFLPZ,BURVZVUIONFUU,20190627163419,002,000,LL
ZNVNZVVPP,BNFVZNIIUPVVV,20190627163419,002,000,ION
VOVRUNUNR,BNUUZNLVILOVL,20190627163419,002,000,ION
LNRZNVULROR,BURVZNUOUZNNR,20190627163419,002,000,LN
IULOUIFIO,BNUUZNUVUVOFV,20190627163419,002,000,ION
ZNUNOPUUP,BNFVZNLURZZUL,20190627163419,002,000,ION
IIFRVVPUVFR,BNFVZNFPZRVRP,20190627163418,002,000,II
IPONVULROUO,BURVZNUOUPLVZ,20190627163418,002,000,IPO
LNFNLFRNZUV,BURVZNNIURUOI,20190627163418,002,000,LN
IZIVLFVRNLLU,BNFVZFUFNZLIR,20190627163418,002,000,IZ
ZILFVUNLR,BURVZNFLFUVIP,20190627163418,002,000,ION
ZNFPFRZUZ,BNFVZNUUOFVIV,20190627163418,002,000,ION
VNNVUROLU,BNFVZNZNLURUO,20190627163418,002,000,ION
VNNNOLNNN,BNFVZFOFIUIPI,20190627163418,002,000,ION
VNULNZLVV,BNUUZNNZFVFLF,20190627163418,002,000,ION
VNUIFZZUV,BNUUZNLNPPIOI,20190627163418,002,000,ION
LLRZVFFRIUPO,BURVZNFVIFUUU,20190627163418,002,000,LL
ILFUUIVULLU,BNFVZNFONNZNV,20190627163417,002,000,IL
ILFNFIOFIRO,BNFVZVULPZZZF,20190627163417,002,000,IL
VFNLVVLLU,BNUUDUZNVLFVNPLVZNUU,20190627163417,002,000,ION
LLRRONUOVOFF,BURVZNIFNNVNN,20190627163417,002,000,LL
ZIFVVPUVL,BNFVZNZOPUIFR,20190627163417,002,000,ION
IUPPURULU,BNFVZNLIFUIUL,20190627163417,002,000,ION
VOVRUNUIV,BNUUZNOFFNOOP,20190627163417,002,000,ION
VNUIFZZUV,BNUUDUZNZUUZILPRFIFL,20190627163417,002,000,ION
VNUILLPUN,BNUUZNRLZVLNL,20190627163417,002,000,ION
ZNLIPURUV,BNFVZNZVFVLUI,20190627163416,002,000,ION
ILFULUFLZRF,BNFVZFIUFZVNO,20190627163416,002,000,IL
ZFOUOIUOU,BNFVZNNFFLPUU,20190627163416,002,000,ION
VNINVIVUU,BURVDUZNZUUZFNNIOIIR,20190627163416,002,000,ION
ZRRZPFNOPVVOO,BURVZVUILIRLL,20190627163416,002,000,ZRR
VNUIVNVRO,BNUUZNUUFIZPL,20190627163416,002,000,ION
VNULVNVVL,BNUUZNFLLZLIR,20190627163416,002,000,ION
LLNFNPVUVNLI,BNFVZNNIUFZOP,20190627163416,002,000,LL
IULOUIPNL,BNUUZVUVIVUVR,20190627163416,002,000,ION
IULOUIIOZ,BNUUZVUUNRFLR,20190627163416,002,000,ION
LLRRPUPOFFZF,BNFVZNVLOZNOF,20190627163416,002,000,LL
VNNVNNRZO,BNUUZNFVRLLUO,20190627163416,002,000,ION
VOFULZUVV,BNUUDUZNVLOVOFIROIIR,20190627163415,002,000,ION
VLLZIINRLLLU,BNFVZNNIURVPP,20190627163415,002,000,VLL
ZNZVIZOLP,BURVZNFFOUZFN,20190627163415,002,000,ION
IIFPUIIFNNR,BNFVZNNIUONOP,20190627163415,002,000,II
OOVNVNVNPNPV,BNFVZNNIUPLNN,20190627163415,002,000,OO
IOVFZNFNFPPI,BNFVZNLVUIPLZ,20190627163415,002,000,IOV
ZNVNNILLI,BNFVZNLUULLVV,20190627163415,002,000,ION
ZNFNVFNIU,BNFVZNZZOLVLO,20190627163415,002,000,ION
ZFLPVNLLF,BNFVZFOUOIUOU,20190627163415,002,000,ION
IZUOFLOROUVO,BNFVZNZVRVFLL,20190627163414,002,000,IZ
ZNOOIRVUP,BNFVZNNFFLPUU,20190627163414,002,000,ION
LLVUIZFNFLPZ,BURVZVUIONFUU,20190627163414,002,000,LL
ILFOUOVRUPN,BURVDUZNZUUZFNOOIIIU,20190627163414,002,000,IL
IUPPUFZUZ,BNFVZNPFUPRVF,20190627163414,002,000,ION
ILFFZRULNLF,BNFVZNPVFIVZR,20190627163414,002,000,IL
VIFFOUUUU,BNUUZNFUFVPZV,20190627163414,002,000,ION
VNUIUVUPP,BNUUZNIRFIIVR,20190627163414,002,000,ION
VNNLONLPV,BURVZNIIIIIFV,20190627163413,002,000,ION
ZNRPOVLOL,BURVZNIUOORFO,20190627163413,002,000,ION
OONOZZRLLFUPL,BNFVZNNIULRRP,20190627163413,002,000,OO
VNNLOLUUU,BNUUZNRFZUPUF,20190627163413,002,000,ION
LNRFOPIIPIV,BNUUZNLNFRUIV,20190627163413,002,000,LN
IUPPUPRNZ,BNFVZNNIUPRRL,20190627163413,002,000,ION
IOIPRVPUOFNI,BNFVZNNIUZNNP,20190627163413,002,000,IOI
IOIPILVRVZZN,BNFVZNNIUOLOL,20190627163413,002,000,IOI
VNRPVFORP,BNUUZNZOFURZL,20190627163413,002,000,ION
VOVRUNUNR,BNUUZNLNLINPO,20190627163413,002,000,ION
ILZIFFZZZPU,BNFVZNNIUROFN,20190627163413,002,000,IL
VNNLOLUUU,BNUUZNNOFIPVR,20190627163413,002,000,ION
IOIPORUIVRUF,BNFVZFURIOOFO,20190627163413,002,000,IOI
ZNUONOLIL,BNFVZNRVLFPFN,20190627163413,002,000,ION
ZZLRULZPZFII,BNFVZVUIOVVIV,20190627163413,002,000,ZZL
IIROIONIPOO,BURVZNFFLINFU,20190627163412,002,000,II
ZNPZNRPLF,BNFVZNVUFNIVL,20190627163412,002,000,ION
VRINPNFVFUU,BNFVZNNIUPOVF,20190627163412,002,000,VR
IVVOVVZFZR,BURVZNNIURFOO,20190627163412,002,000,IV
VOVRUNUIV,BNUUZNIIPPFUL,20190627163412,002,000,ION
LLROLVUFLPIN,BURVZVUNORIIN,20190627163412,002,000,LL
IOIPRFRVPION,BNFVZNNIUPUOZ,20190627163412,002,000,IOI
IIFRLVFVFLR,BNFVZNLFNZZPI,20190627163412,002,000,II
LIFFUPLUUPZU,BNFVZVUVNVIFR,20190627163411,002,000,LI
IUPPNNLFN,BNFVZNUZILPUL,20190627163411,002,000,ION
ZNPFZUNVLLPZ,BNFVZNNIUFVOP,20190627163411,002,000,ZN
OONZZZRZUILUU,BNFVZNNIUOPOU,20190627163411,002,000,OO
LLNLZLRZVVPO,BNFVZFFNFLRUF,20190627163411,002,000,LL
ZFOZIRVNU,BNUUDUZNZUUZVLLRPLZF,20190627163411,002,000,ION
VOVRUNUNR,BNUUZNLVIULNZ,20190627163411,002,000,ION
LFRVVNFRPZU,BNFVZNNIUFLLO,20190627163411,002,000,LF
ZFOZIRVNU,BNUUZNRZUFVIR,20190627163411,002,000,ION
ZFOZIRVNU,BNUUZNOUFVVLL,20190627163411,002,000,ION
ZFOZIRVNU,BNUUZNVOZUZLU,20190627163411,002,000,ION
IIFZPRRRZZR,BNFVZNNIULZUO,20190627163411,002,000,II
IZIVRZINZPPZ,BNFVZNRPVUVNV,20190627163410,002,000,IZ
IOVFVNFPLNFF,BNFVZNZOOIPPV,20190627163410,002,000,IOV
ZNFFFIFLF,BNFVZNRNPURNN,20190627163410,002,000,ION
LNRFPUNZVIN,BURVDUZNZUUZFLOPNPVP,20190627163410,002,000,LN
VNNLONLPV,BNFVZNRIPFZLN,20190627163410,002,000,ION
LNRZRFPOPOR,BURVZNNOFRRPU,20190627163410,002,000,LN
VNUILNUZU,BNUUVOVVIIOVV,20190627163410,002,000,ION
ZFOLIPNUU,BNFVZNPVVNIIF,20190627163410,002,000,ION
ZNZVILVVU,BNFVZFOLNNIRU,20190627163410,002,000,ION
LLRPIPRZFPRF,BNFVZFUPNLPLL,20190627163410,002,000,LL
ILFOVUZUPII,BNFVZNZPVOLRN,20190627163409,002,000,IL
IIFFIVNIPNV,BNFVZNNIUPUZI,20190627163409,002,000,II
LZNRUZZURRZV,BURVZNVZFRLFL,20190627163409,002,000,LZ
LZNRPRPVLURO,BURVZNLUVFOLO,20190627163409,002,000,LZ
LLRZURPONRIL,BURVZNVLIZLZU,20190627163409,002,000,LL
ZNRLUIRUO,BNFVZNRFORPNP,20190627163409,002,000,ION
LFRULPNZVRN,BNFVZNNIURLVF,20190627163409,002,000,LF
ZNIVFNLOO,BURVZNZLIFPLZ,20190627163409,002,000,ION
IFIUPVNIOIV,BURVZNNIURUOO,20190627163409,002,000,IF
ZFOZIRVNU,BNUUZNLIOFLVL,20190627163409,002,000,ION
ZFOZIRVNU,BNUUZNRZZNLLI,20190627163409,002,000,ION
IIFPOPLVZPI,BNFVZNNIUOLPO,20190627163408,002,000,II
VILNPFNUR,BNUUDUZNVLOVFIPOZUZP,20190627163408,002,000,ION
OOLNIVZZLOUU,BNFVZNNIUFUPF,20190627163408,002,000,OO
IINPIRFNIFZ,BNFVZNNIUZUPZ,20190627163408,002,000,II
LLRPOUVIIVOP,BNFVZNNIULNIU,20190627163408,002,000,LL
LZNOVVVZLUZVI,BNFVZNVOZVUIO,20190627163408,002,000,LZ
ILFUVLRRVPR,BNFVZNFZFUUUU,20190627163408,002,000,IL
VRRPLFZZROR,BNFVZNNIURRVN,20190627163408,002,000,VR
ZINUNPIPR,BNFVZNFPZNOPF,20190627163408,002,000,ION
ILFRPIVFFLI,BNFVZNNPVOZFF,20190627163408,002,000,IL
ZNIVFNLOO,BNFVZNNFFLPUU,20190627163407,002,000,ION
ZNRPPFIIV,BNFVZNIPNPNRR,20190627163407,002,000,ION
ZNFFZPZOL,BNFVZNLONPRZF,20190627163407,002,000,ION
ZNIRVIRNP,BNFVZNZIZLZZN,20190627163407,002,000,ION
VNUINNRVL,BNUUZNLZNUIVP,20190627163407,002,000,ION
ILFIUOIUIPL,BNFVZNNIUFLRO,20190627163407,002,000,IL
VOVRUNUNR,BNUUZNLVVORZN,20190627163407,002,000,ION
LLRPOLLPLPZO,BNFVZFURIONUI,20190627163407,002,000,LL
ZNVNUZOPO,BNFVZNVOUFONI,20190627163407,002,000,ION
INRIVUOUNFU,BNFVZNNIURFIV,20190627163406,002,000,IN
ILFOIUFOLUO,BURVZNNIUZUZF,20190627163406,002,000,IL
ZNZRFLPUV,BURVZNZROFVUI,20190627163406,002,000,ION
IULOUOIVU,BNUUZNUNOVVII,20190627163406,002,000,ION
NPOOLVLRVFV,BURVZNNIURLRL,20190627163406,002,000,NPOO
ZFVLFLVVN,BNFVZNUVFNNFI,20190627163406,002,000,ION
IIFVVZZVZUN,BNFVZNPRLLPIN,20190627163406,002,000,II
VOVRUNUNR,BNUUZNLVVOFZN,20190627163406,002,000,ION
LZNRIVOUPFOV,BNFVZNNIUFURO,20190627163406,002,000,LZ
LPFUZRIIUZF,BNFVZNPNONIZL,20190627163406,002,000,LP
RZVFVIIOIRU,BNFVZFURILZFZ,20190627163406,002,000,R
IINIZPRFOFO,BNFVZNZLRRORZ,20190627163406,002,000,II
IUPPURPVP,BNFVZNLPLVUFN,20190627163405,002,000,ION
ZFNIVFIZI,BNFVZFUZRUNZRR,20190627163405,002,000,ION
ILFVZINOFUR,BNFVZNZRNRVIF,20190627163405,002,000,IL
IUUOUONOI,BURVDUZNZUUZFZVOOZOF,20190627163405,002,000,ION
RUROUVFIU,BURVZNOFURPFP,20190627163405,002,000,ION
LIFOUIIPNFVR,BNFVZNNIUOFPO,20190627163405,002,000,LI
VOVRUNUNR,BNUUZNLVVIZFV,20190627163405,002,000,ION
VIPIVUUOU,BNUUDUZNZUUZFOUOLLPL,20190627163405,002,000,ION
ZFOZIRVNU,BNUUZNPLIFFUF,20190627163405,002,000,ION
LZZNNZLNZPOL,BURVZNPVRURRL,20190627163405,002,000,LZ
ZFOZIRVNU,BNUUZNZNPZFOO,20190627163405,002,000,ION
ZFOZIRVNU,BNUUZNRRNFVOV,20190627163405,002,000,ION
ZFOZIRVNU,BNUUZNOLPPFOO,20190627163405,002,000,ION
ZNVNNILLI,BNFVZNNFFLPUU,20190627163404,002,000,ION
VOFVPFFOF,BNUUVOFUVOFIV,20190627163404,002,000,ION
ZILZVVRVP,BNFVZNIURFRON,20190627163404,002,000,ION
VOVRUNUIV,BNUUZNOZLLFRI,20190627163404,002,000,ION
NOUPPLUONOO,BNFVZNNIUPNNZ,20190627163404,002,000,NOUP
IUPPUFZUZ,BNFVZNRUNRPRU,20190627163404,002,000,ION
VNNLOUILV,BNUUVNOPUNFRR,20190627163404,002,000,ION
VIVLVLNUU,BNUUDUZNVLOVIVLRULPU,20190627163404,002,000,ION
ZFOZIRVNU,BNUUZNIZFUZRZ,20190627163404,002,000,ION
VNNVNNRZO,BNUUZNPNUINUF,20190627163404,002,000,ION
ZFOZIRVNU,BNUUZNIVZZFZR,20190627163404,002,000,ION
ZFOZIRVNU,BNUUZNFVIIOOO,20190627163404,002,000,ION
ZFOZIRVNU,BNUUZNPVOVVPZ,20190627163404,002,000,ION
ZFOZIRVNU,BNUUZNVOZOVUL,20190627163404,002,000,ION
INFVFZOVNFV,BNFVZNORPUUIP,20190627163403,002,000,IN
NPFFFOVIPLV,BNFVZNNIUOFUP,20190627163403,002,000,NPFF
INFVPIVZPUN,BNFVZNUOOFNZU,20190627163403,002,000,IN
ILFORVNZPLL,BNFVZNNIULFZI,20190627163403,002,000,IL
ZFOZIRVNU,BNUUZNVNILNIP,20190627163403,002,000,ION
ZFOZIRVNU,BNUUZNVVVIZPI,20190627163403,002,000,ION
ZFOZIRVNU,BNUUZNUURROUF,20190627163403,002,000,ION
ZFOZIRVNU,BNUUZNOVZIUPO,20190627163403,002,000,ION
ZNFOLLRUV,BNFVZNLFFPNVF,20190627163403,002,000,ION
ZNVLRNOLR,BNFVZNNFFLPUU,20190627163403,002,000,ION
VNPZPPNRR,BNUUZNPLNNVOR,20190627163403,002,000,ION
VNUIFZZUV,BNUUZNRPIUVNR,20190627163403,002,000,ION
IIFFNLOINPZ,BNFVZNRVLFFVO,20190627163403,002,000,II
OONNVVVRIOPU,BNFVZNNIUZPRR,20190627163403,002,000,OO
LNRPPVOLUUI,BURVZNIOORRIN,20190627163402,002,000,LN
ILFVRIIIFOP,BNFVZNNIUFZLO,20190627163402,002,000,IL
ILFPILRZPFO,BURVZNNIUOVLF,20190627163402,002,000,IL
ZIVLPRRVL,BNFVZFLZOLIVR,20190627163402,002,000,ION
NPOOIIUPFOI,BNFVZNUPNLIFL,20190627163402,002,000,NPOO
VNINVIVUU,BURVDUZNZUUZFPRRNVZV,20190627163402,002,000,ION
VNUIFZZNI,BNUUZNOZVOVOR,20190627163402,002,000,ION
VNIPNZRFR,BNUUDUZNVLFVNINROZUR,20190627163402,002,000,ION
VLVVUZLFU,BNFVZNFOLIPZL,20190627163402,002,000,ION
IUPPURPVP,BNFVZNOVLNNUZ,20190627163402,002,000,ION
VNUIFZZUV,BNUUZNUNVFFUI,20190627163402,002,000,ION
ILFPRLUNOFL,BNFVZNUNNVVOP,20190627163401,002,000,IL
LLIIILLIZZZI,BNFVZNNIULFZL,20190627163401,002,000,LL
IUPPUFZUZ,BURVZNUNUPUZL,20190627163401,002,000,ION
ZNIOLNNPV,BNFVZNRRORVUU,20190627163401,002,000,ION
LLROPLLVRLLU,BNFVZNRVULRFR,20190627163401,002,000,LL
ZFOZIRVNU,BNUUZNLRZRRPV,20190627163401,002,000,ION
ZFOZIRVNU,BNUUZNRFLZUOZ,20190627163401,002,000,ION
ZFOZIRVNU,BNUUZNLLLIVZL,20190627163401,002,000,ION
VNNVUFZUU,BNUUZNFUPZOZP,20190627163401,002,000,ION
VNNLONVRF,BNFVZNFZLUFNP,20190627163401,002,000,ION
VIPUUFUUN,BNUUZNRILFNPP,20190627163401,002,000,ION
VNUIULPNR,BNUUZNVUNVZIF,20190627163401,002,000,ION
IUPPURULU,BURVZNLIFUIUL,20190627163401,002,000,ION
ZNPLZUPZU,BNFVZNNUZNUNF,20190627163400,002,000,ION
IIFUZURPLZN,BURVDUZNZUUZFINLIPNI,20190627163400,002,000,II
IIFOUIIVOLP,BNFVZNVPPIZOF,20190627163400,002,000,II
ZNLZVZULN,BNFVZNNIUOPFZ,20190627163400,002,000,ION
NPOUPZIULOZ,BNFVZFUFNPILP,20190627163400,002,000,NPOU
VNUIFZZUV,BNUUZNZVPZZUP,20190627163400,002,000,ION
LZNORRIFPLVRP,BNFVZNNIULZVP,20190627163359,002,000,LZ
IIFUIIIUPRP,BNFVZNNIURRRR,20190627163359,002,000,II
IIFNFOURILN,BNFVZNVVFUUVZ,20190627163359,002,000,II
ILFURIOLNZZ,BNFVZNNIUZRFP,20190627163359,002,000,IL
VOFPVILZZ,BNUUDUZNZUUZFPUVLROZ,20190627163359,002,000,ION
UNVLUIONRIII,BNFVZNNIUFORP,20190627163359,002,000,NVLU
VNNLONLPV,BURVZNOOZFLRZ,20190627163359,002,000,ION
VOILVLVRU,BURVZNVOVVPZO,20190627163359,002,000,ION
VOVRUNUNR,BNUUZNLVNFPPN,20190627163359,002,000,ION
VNUIOVORI,BNUUDUZNVLOVVZLRFNOP,20190627163359,002,000,ION
IUPPUFZUZ,BURVZNNZLNPFP,20190627163358,002,000,ION
LFPNVLNUIPN,BURVDUZNZUUZFIIILLVI,20190627163358,002,000,LF
VNNLONLPV,BURVZNIIIIIFV,20190627163358,002,000,ION
ZNRIVINVR,BNFVZNOVILOUR,20190627163358,002,000,ION
INFNLFOPPZI,BNFVZVFFURPNZ,20190627163358,002,000,IN
VNUIURURN,BNUUZNOZLNUPP,20190627163358,002,000,ION
NIUPZLFRZVF,BNFVZNZFOULOL,20190627163358,002,000,NIUP
VOVRUNUNR,BNUUZNLVNFFPR,20190627163358,002,000,ION
ZNRIVFNVV,BNFVZNLVIRFNI,20190627163358,002,000,ION
IZIPPPRPLOLF,BNFVZFIRROLUU,20190627163358,002,000,IZ
ILFURRLZRIP,BNFVZNIFFZUUN,20190627163357,002,000,IL
OONNLULULZZU,BNFVZNNIUPFOZ,20190627163357,002,000,OO
LLRZLUNNZRVO,BNFVZFURILIIU,20190627163357,002,000,LL
ZNOOIRVUP,BNFVZNNFFLPUU,20190627163357,002,000,ION
VNUIFZZUV,BNUUZNZUNRNRI,20190627163357,002,000,ION
LLRLZOPOOORO,BURVZNPVRPZZR,20190627163357,002,000,LL
ILFRLIPLPON,BNFVZNNIUOIPO,20190627163357,002,000,IL
ZIIZVZLZO,BNFVZNNIUZFVZ,20190627163357,002,000,ION
ZNRINNOOV,BNFVZNRPVPIUO,20190627163356,002,000,ION
IOVFFNPRNRFP,BNFVZVUIPOIUZ,20190627163356,002,000,IOV
LVUFUIPFFPNO,BNFVZNNIUFFNR,20190627163356,002,000,LVU
ZNRVZOZPU,BNFVZFFFLFRRV,20190627163356,002,000,ION
ILZNUPLNOUF,BNFVZNNIURLIO,20190627163356,002,000,IL
ZNUIULZIO,BNFVZNZIFURPN,20190627163356,002,000,ION
OOLNVNUNUFFU,BNFVZNNIURFIU,20190627163356,002,000,OO
IUPPURULU,BNFVZNNZPZIVN,20190627163356,002,000,ION
VILIRUVUU,BNUUDUZNVLFVILLVONVR,20190627163356,002,000,ION
VNNVVFRON,BURVZNZUNIURU,20190627163355,002,000,ION
VNNLONLPV,BURVZNLURPORL,20190627163355,002,000,ION
ZIILFUZVZ,BNFVZNLULRPRF,20190627163355,002,000,ION
IIFVFVNNOPI,BNFVZNLUFVZOR,20190627163355,002,000,II
VNNLOLUUU,BNUUZNPPFVZII,20190627163355,002,000,ION
LOFNLNRLZI,BNFVZNNIUPFFN,20190627163355,002,000,LO
ILFFIPLLNZP,BNFVZNNIUORPP,20190627163355,002,000,IL
VOVRUNUNR,BNUUZNLVNLLNR,20190627163355,002,000,ION
IIRRPNZOONO,BNFVZNNIUZFIR,20190627163355,002,000,II
IUPPUFZUZ,BNFVZNVIZULFP,20190627163355,002,000,ION
LLRPIOVPLIRU,BURVZNRFPFROP,20190627163354,002,000,LL
ZNFFVUURR,BNFVZFRUZVIZN,20190627163354,002,000,ION
LVURIRLNFPOP,BNFVZFUZNIIOI,20190627163354,002,000,LVU
ILFIZUFIUZO,BNFVZNNIUOVRZ,20190627163354,002,000,IL
VNUIFZZUV,BNUUZNFZRLPVI,20190627163354,002,000,ION
VOVRUNUNR,BNUUZNLVNLVIF,20190627163354,002,000,ION
ZNIVLZROL,BURVDUZNZUUZFFUROZFP,20190627163354,002,000,ION
ILFRPIFRLPZ,BURVDUZNZUUZVRLVLLUU,20190627163354,002,000,IL
ZRNOVFIZPRPL,BURVZNNIURLOF,20190627163353,002,000,ZRN
ILFIVZRZUIP,BURVZNNIUZUIN,20190627163353,002,000,IL
NINIINOFOOP,BNFVZNNIUZNOU,20190627163353,002,000,NINI
IINRNVZPUFO,BNFVZNNIUZFNZ,20190627163353,002,000,II
ILZNNZPPILZ,BNFVZNFNZOIOL,20190627163353,002,000,IL
LNVVZZOZIRI,BURVZNRUNVILU,20190627163353,002,000,LN
OOILIIUIZPZZ,BNFVZNNIULRPP,20190627163352,002,000,OO
ILFVRROVFNU,BNFVZNLVRVRIR,20190627163352,002,000,IL
ZNVVVOIRU,BNFVZNORFFIRN,20190627163352,002,000,ION
NVUVLOOPPPP,BNFVZFZLLNFOI,20190627163352,002,000,NVUV
VNUILNUZU,BNUUZNVLLFVNU,20190627163352,002,000,ION
ZNNPVUORO,BURVDUZNZUUZIZRZFNVR,20190627163352,002,000,ION
LLNINFVUORUU,BNFVZNNIUROZP,20190627163352,002,000,LL
LLVUPPFINZLV,BNFVZNZROFVOP,20190627163352,002,000,LL
ZRRZPLOVNINLP,BURVZVUUVFLLV,20190627163352,002,000,ZRR
VNUIFZZNI,BNUUZNOZVOVOR,20190627163352,002,000,ION
VOVRUNUNR,BNUUZNLVNVVUN,20190627163352,002,000,ION
VOVRUNUFU,BNUUZNIFZZVFV,20190627163352,002,000,ION
VOVRUNUNR,BNUUZNLNORPNU,20190627163352,002,000,ION
VNULILLRZ,BNUUDUZNVLOVNIOULIOP,20190627163352,002,000,ION
LPFUNONRLPN,BNFVZNNIUFOPI,20190627163352,002,000,LP
ILFUFLIIULI,BNFVZNNIUZRUL,20190627163351,002,000,IL
ZNPUOPZUF,BNFVZNNFFLPUU,20190627163351,002,000,ION
LLVUIONLOFZV,BURVDUZNZUUZFPVVIZIV,20190627163351,002,000,LL
LZNOVINRZNNZP,BURVDUZNZUUZIFPFOLVZ,20190627163351,002,000,LZ
VOVRUNUNR,BNUUZNLVNNPOL,20190627163351,002,000,ION
VRVVUNVUN,BNUUZNZVVFIOI,20190627163351,002,000,ION
IPOZNLVUFFFF,BURVZNNIURPNI,20190627163350,002,000,IPO
ZIORVUZVP,BNFVZNPIFVLLN,20190627163350,002,000,ION
ZNZIRLOIV,BNFVZNZIRLOVP,20190627163350,002,000,ION
ILFOUOIZRLI,BNFVZNIPVLUOO,20190627163350,002,000,IL
OONNZZZFZFPVO,BNFVZNNIURZFZ,20190627163350,002,000,OO
IULOUIFIZ,BNUUZNZPVZZUV,20190627163350,002,000,ION
ZNLVPRUNV,BNFVZNVVLLRUP,20190627163350,002,000,ION
INFNNIZOUFV,BNFVZNNIUZULU,20190627163350,002,000,IN
IOIPOVROUPVU,BNFVZNNIUOFIU,20190627163350,002,000,IOI
VVIROVOVF,BNFVZNLRIVNOU,20190627163350,002,000,ION
IIFFFLOLIPU,BNFVZNNIUFULZ,20190627163349,002,000,II
VLLZVFNLIUFO,BNFVZNNIUOLVP,20190627163349,002,000,VLL
ZNZPVOROF,BNFVZNPLVNILL,20190627163349,002,000,ION
IUPPURULU,BURVZNILOFPUR,20190627163349,002,000,ION
INFVNPNPFVV,BNFVZFLZOLFRU,20190627163349,002,000,IN
VFNINZVZL,BNUUDUZNZUUZFNOFUIIZ,20190627163349,002,000,ION
ILFRRZVPNUL,BNFVZNLUFOZPL,20190627163349,002,000,IL
ZFLNONIVZ,BNFVZNZLOIROI,20190627163349,002,000,ION
VOVRUNUIV,BNUUZNUPLVFLI,20190627163349,002,000,ION
ILFVFVNRLIN,BNFVZNNIUZROR,20190627163349,002,000,IL
VVNVULUVP,BNUUZNUNFPFLZ,20190627163349,002,000,ION
ZIPIUVOUP,BNFVZNFULZRRU,20190627163348,002,000,ION
ZNFNRFNII,BNFVZNFNRFNRL,20190627163348,002,000,ION
LNRFIZIPVRU,BNUUZNONLNFUO,20190627163348,002,000,LN
ZILOIUONV,BNUUZNVINLOUO,20190627163348,002,000,ION
LZNRFIPRIIZNR,BNFVZNNIUPIUF,20190627163348,002,000,LZ
VNUINUVRO,BNUUZNPILIPLU,20190627163348,002,000,ION
VOVRUNUNR,BNUUZNLVUZOLO,20190627163348,002,000,ION
VNULPOOUU,BNUUZNLULNLIL,20190627163348,002,000,ION
VNNVNNRZO,BNUUZNRLUZUNF,20190627163348,002,000,ION
LUROZFRLNLN,BNFVZVUIOFRZO,20190627163347,002,000,LU
LLVUIZNNZZRF,BNFVZFZVOOVRO,20190627163347,002,000,LL
ZNIRIVLVO,BNFVZFRFULLZV,20190627163347,002,000,ION
LLROFPIVRUUZ,BNFVZNNIUFIZU,20190627163347,002,000,LL
ZNUNOFPLV,BNFVZNULFRNNI,20190627163347,002,000,ION
ZNVOPLIOR,BNFVZNLVRIUIF,20190627163347,002,000,ION
ILFURRFFFOP,BNFVZNVRPFPPL,20190627163347,002,000,IL
LZNRNRNIZUVP,BURVZNRVUZUVP,20190627163347,002,000,LZ
IUVNUPZZVNLI,BURVZNNZUVPIV,20190627163347,002,000,IU
VNNLOLUUU,BNUUZNFIFNLVI,20190627163347,002,000,ION
ILFROFNZIPR,BURVDUZNZUUZFRPPORFZ,20190627163347,002,000,IL
ZFVLFLVVN,BNFVZNUVFNNFI,20190627163347,002,000,ION
VNUIIORNZ,BNUUZNZIUFOPL,20190627163347,002,000,ION
ILFPRNOORFR,BNFVZNNIUROVP,20190627163347,002,000,IL
IIFVZURLOOO,BNFVZNNIURIZN,20190627163346,002,000,II
IIFPORLFUNL,BNFVZNFLLIOUU,20190627163346,002,000,II
LLVURIUPNVNU,BNFVZNNIULRFP,20190627163346,002,000,LL
IIFNRPRVRVU,BNFVZFNFIIINI,20190627163346,002,000,II
ILFROFNVRIO,BNFVZNNIUFFZV,20190627163346,002,000,IL
ZNINONLIO,BNFVZFINOULOI,20190627163346,002,000,ION
ZNZRRPLIZ,BNFVZNLZNZORF,20190627163346,002,000,ION
IULOUNFIR,BNUUZNNRVZNPR,20190627163346,002,000,ION
VFVRPIFUR,BNUUDUZNVLFVNPOONLNZ,20190627163346,002,000,ION
ZILRUUUUI,BURVDUZNZUUZFIOUIFLL,20190627163346,002,000,ION
NLUNVPOOULN,BNFVZNNIUPUZZ,20190627163346,002,000,NLUN
ILZIVIFIRNZ,BNFVZNROZZZOO,20190627163346,002,000,IL
VNUINFVRL,BNUUZNIPILFOV,20190627163346,002,000,ION
IINLUZVFRPZ,BNFVZNNIUFOPO,20190627163345,002,000,II
ILFUFLOULIN,BURVZNNIUZURU,20190627163345,002,000,IL
VNVFFUNVLULU,BURVDUZNZUUZFOLNFONO,20190627163345,002,000,VNV
LLRPVOPVPFRV,BNFVZNNIULLVP,20190627163345,002,000,LL
VNUILNUZU,BNUUVLZNLPPRL,20190627163345,002,000,ION
VNIZLFLOO,BURVZNNRVZNPR,20190627163345,002,000,ION
VOVRUNUNR,BNUUZNLVURRVO,20190627163345,002,000,ION
VOVRUNUNR,BNUUZNLVUFPLO,20190627163345,002,000,ION
VNNVVVZPL,BNUUZNRPVOOOP,20190627163345,002,000,ION
VNUILUFPI,BNUUDUZNZUUZFOOUULFU,20190627163344,002,000,ION
LLRONORVUOZU,BNFVZNNIUFVLU,20190627163344,002,000,LL
IILPZRPFVVO,BNFVZNINOVPNZ,20190627163344,002,000,II
IUPPURULU,BURVZNNZPZIVN,20190627163344,002,000,ION
VOFVLZFVN,BNUUZNZLZRNZR,20190627163344,002,000,ION
LZNONRNIZPFUF,BNFVZNORPULIO,20190627163344,002,000,LZ
VNUIIOZPI,BNUUZNRPPNPRR,20190627163344,002,000,ION
IOVFRNULIFNO,BURVZNNIURPZO,20190627163344,002,000,IOV
ILFIUIUZLUNINLV,BNFVZNNIURZNU,20190627163344,002,000,IL
VNUIFZZUV,BNUUZNZOVNIFN,20190627163344,002,000,ION
ILFZIIRZOVN,BNFVZNNIUPLUO,20190627163343,002,000,IL
ZFLFZOIZV,BNFVZNLUONVPF,20190627163343,002,000,ION
ZFIFVPPFL,BURVVNOPUZIIZ,20190627163343,002,000,ION
ILFORVNZPLL,BNFVZNNIUOFVN,20190627163343,002,000,IL
VNUNZIUVO,BNUUZVVUNOIZZ,20190627163343,002,000,ION
VNUNZIUVO,BNUUZNLRPRUPR,20190627163343,002,000,ION
ILFUFLOULIN,BNFVZNNIUZURU,20190627163343,002,000,IL
PFNPVUVLZLPZP,BNFVZVUNLNONF,20190627163343,002,000,PF
VNUIUVUPP,BNUUZNRPPNPRR,20190627163343,002,000,ION
LZNRVNPNPIUP,BNFVZNPVFIRLP,20190627163342,002,000,LZ
IOVFVNRNINUO,BURVDUZNZUUZIFPOFRRZ,20190627163342,002,000,IOV
LNRZRLIIUUZ,BNUUZNILZIZPN,20190627163342,002,000,LN
VOFVPLVVO,BNUUZNFULPNZF,20190627163342,002,000,ION
ZNUILPNZL,BNFVZNVFZLRRL,20190627163342,002,000,ION
IUPPUFZUZ,BNFVZNFRUNFZF,20190627163342,002,000,ION
ZFOZIRVNU,BNUUZNIOPFLRL,20190627163342,002,000,ION
ZFOZIRVNU,BNUUZNVOOFNNV,20190627163342,002,000,ION
ILFIUZFZIUN,BURVZNPNULILZ,20190627163342,002,000,IL
ZFOZIRVNU,BNUUZNUVFPZLV,20190627163342,002,000,ION
VNUIVNOUF,BNUUZNVFRORUI,20190627163342,002,000,ION
VVRNOOLNU,BNFVZNNFFLPUU,20190627163342,002,000,ION
ZFVLRRZLU,BURVZNNIUFNIN,20190627163342,002,000,ION
LNOVFORLVFF,BURVVVUZFIRIL,20190627163342,002,000,LN
IIFNOOIPLUR,BNFVZNNIUPNNI,20190627163341,002,000,II
IUPPURULU,BURVZNVUPOVRV,20190627163341,002,000,ION
ZNUIVLPZF,BNFVZNZLFZZUF,20190627163341,002,000,ION
VNUIULPIU,BNUUZNUFFIPNN,20190627163341,002,000,ION
VNUILNUZU,BNUUDUZNVLOVVZZONIZU,20190627163341,002,000,ION
LZNRIFNZNLNR,BNFVZFZVONLOI,20190627163341,002,000,LZ
IIFRRIVOIFZ,BNFVZNLIOZUFL,20190627163341,002,000,II
IUPPUPINV,BURVZNFPNINFV,20190627163341,002,000,ION
IIFNRIFNNNF,BNFVZNUVLNFOU,20190627163341,002,000,II
ZFOZIRVNU,BNUUZNRVIRORR,20190627163341,002,000,ION
ZIZOZPZON,BURVZNLUUPLUL,20190627163341,002,000,ION
ZFOZIRVNU,BNUUZNPUFPFUL,20190627163341,002,000,ION
ZFOZIRVNU,BNUUZNPVOPRPZ,20190627163341,002,000,ION
IUFZIVLFPINO,BNFVZNNIURIVI,20190627163340,002,000,IU
ZNLFUPFUV,BNFVZNIVUNVIU,20190627163340,002,000,ION
VOFIRLUFZ,BNUUZNFVVLOZV,20190627163340,002,000,ION
VOFVLZFLV,BNUUZNONVIULZ,20190627163340,002,000,ION
IOINPPIURIU,BURVDUZNVLFVNIZINNIV,20190627163340,002,000,IOI
ZFRORNOPL,BNFVZVLLINZVN,20190627163340,002,000,ION
IULOULUUV,BNUUDUZNZUUZFIZOUFZU,20190627163340,002,000,ION
VOVRUNUNR,BNUUZNLVUNNFZ,20190627163340,002,000,ION
ZVUOUPRIN,BURVZVUOLRLUV,20190627163339,002,000,ION
LLRZNLFZROLR,BNFVZNNIUONFO,20190627163339,002,000,LL
VNNLONLPV,BURVDUZNZUUZIRNZFRLP,20190627163339,002,000,ION
NRVULIPPUZZ,BURVZNNIUFNFV,20190627163339,002,000,NRVU
VNUIULPNR,BNUUZNIIIIVUV,20190627163339,002,000,ION
IILRUUIPNPP,BNFVZNLFROUNN,20190627163339,002,000,II
ZNIONUPIL,BNFVZNLUOOUZF,20190627163339,002,000,ION
VNUIOVORI,BNUUDUZNVLFVNVLZUPOO,20190627163339,002,000,ION
ZNRFUUPLP,BURVZNVLLUPLL,20190627163339,002,000,ION
VOVRUNUIV,BNUUZNUPNUZZI,20190627163339,002,000,ION
ZNVLLUPLL,BURVFUZNRFUUPLP,20190627163338,002,000,ION
ZNVFLVRUP,BURVDUZNZUUZIPPOLOPR,20190627163338,002,000,ION
VNINVIVUU,BURVDUZNZUUZFRUFZOZV,20190627163338,002,000,ION
,BURVZNNIURFPR,20190627163338,002,006,UNKNOWN
ZNOZVRFNF,BNFVZNIRPNPZO,20190627163338,002,000,ION
ZNLVVNPIR,BNFVZNLVIOPVN,20190627163338,002,000,ION
OOPNZZLFZOPZU,BURVDUZNZUUZIINNOVFO,20190627163338,002,000,OO
ZNIVPNVOI,BNFVZNNFFLPUU,20190627163338,002,000,ION
ZNVLZFFPL,BNFVFUZNIZNPLPR,20190627163338,002,000,ION
ZNUUPOFUO,BNFVZNRFNINRU,20190627163337,002,000,ION
NINIRVILNLZ,BNFVZNNIULOUU,20190627163337,002,000,NINI
ZNFLRZFZO,BNUUDUZNZUUZFVRLZOUO,20190627163337,002,000,ION
IUFZLOIZOFUI,BNFVZNNIULONR,20190627163337,002,000,IU
ZNRIOPZRI,BNFVZNUINVVPO,20190627163337,002,000,ION
VFFRRRUUU,BNUUDUZNVLOVFFRLPROZ,20190627163337,002,000,ION
IULOUNRNN,BNUUZNOOLINIF,20190627163337,002,000,ION
ILFNRIRIPUU,BNFVZNLONUOLR,20190627163337,002,000,IL
ZFOZIRVNU,BNUUZNRLZIVNO,20190627163337,002,000,ION
LLRPNLPFVFNP,BNFVZNNIUFORO,20190627163337,002,000,LL
ZFOZIRVNU,BNUUZNLLNULNZ,20190627163337,002,000,ION
VOVRUNUNR,BNUUZNLVUUOLF,20190627163337,002,000,ION
VOVRUNUNR,BNUUZNLVUUNUU,20190627163337,002,000,ION
IIFOZRPPORF,BNFVZNLRRLOOF,20190627163336,002,000,II
LZIUOFPIZLIR,BURVVNNINZVLV,20190627163336,002,000,LZ
VNUIIFRRI,BNUUZNFONVPIR,20190627163336,002,000,ION
IOVFVNVZUPIZ,BNFVZNNIUOLIR,20190627163336,002,000,IOV
VVFURONUI,BNUUVILNIFOVZ,20190627163336,002,000,ION
VNPFLOVLF,BNUUDUZNVLFVVVUNILFP,20190627163336,002,000,ION
IOVFVNLNLNOF,BNFVZNPFIFNIU,20190627163336,002,000,IOV
ZIIVZULPN,BNFVZNRRLIOFZ,20190627163336,002,000,ION
IZUVPVZUUIUV,BNFVZNNIULUPV,20190627163336,002,000,IZ
VFPIIIRPL,BNFVZNIRIVNUP,20190627163335,002,000,ION
IIFNILOUIUR,BNFVZNZFIRFRF,20190627163335,002,000,II
ZNILFNZNL,BNFVZNFNNUULP,20190627163335,002,000,ION
IOIPRFNZFIZU,BNFVZNNIUPFZI,20190627163335,002,000,IOI
VNUILLPUN,BNUUZNPUULNOF,20190627163335,002,000,ION
NFLRPILRFFP,BNFVZNZVFPRON,20190627163335,002,000,NFLR
VNIVINLRP,BNUUDUZNZUUZIVFRPNLV,20190627163335,002,000,ION
ZNPRNPLIR,BNFVZVOZFPPZR,20190627163335,002,000,ION
ZNIOFUPLR,BNFVZFNULVRZZ,20190627163334,002,000,ION
IUPPURPVP,BNFVZNNLOPUZR,20190627163334,002,000,ION
ILFLVUOOVNU,BNFVZNNIURURR,20190627163334,002,000,IL
ZNZRUVOPP,BNFVZNZULVVZL,20190627163334,002,000,ION
ZIVLPRRVL,BNFVZNFONVFRF,20190627163334,002,000,ION
ZNNNRPUFR,BNFVZNIUNZVOR,20190627163334,002,000,ION
ILZRVVLVUFI,BNFVZFPOINOVO,20190627163334,002,000,IL
ILFNURUPIUL,BNFVZNUVIFNZL,20190627163334,002,000,IL
ZNZVIZOLP,BNFVZNFFOUZFN,20190627163334,002,000,ION
IIFVVRPIIZZ,BNFVZNNIUOVFU,20190627163333,002,000,II
ZNFPPLIPN,BURVDUZNZUUZIZOVURRU,20190627163333,002,000,ION
VLLZIRLVRFZU,BNFVZNVPNRUVU,20190627163333,002,000,VLL
VNNVULUVU,BNUUZNIPRZPFI,20190627163333,002,000,ION
VVVLFUUNU,BNUUDUZNZUUZIIZPOFUU,20190627163333,002,000,ION
ZFINIVRPL,BNFVZNNFFLPUU,20190627163333,002,000,ION
INFOINUOINF,BNFVZNZZOVOPO,20190627163333,002,000,IN
ZNPPPLOPO,BNFVZNNFFLPUU,20190627163333,002,000,ION
VNIVINLFN,BNUUDUZNZUUZIZOFVRZP,20190627163333,002,000,ION
VOVRUNUNR,BNUUZNLNZNUPF,20190627163333,002,000,ION
ILFIFNUILFU,BURVDUZNZUUZIZRZNPFI,20190627163332,002,000,IL
IUUOUFVFO,BURVZNIIPNOOO,20190627163332,002,000,ION
LNRZNVULZOF,BURVZNZRZIFIO,20190627163332,002,000,LN
INFOVIPLIOP,BNFVZNUOOFNZU,20190627163332,002,000,IN
ILFIUPRUROO,BNFVZNLZNIUPP,20190627163332,002,000,IL
VNUILZFVF,BNUUDUZNVLFVOIFUORIU,20190627163332,002,000,ION
VNUUNFUUU,BNUUZNVOLUVOI,20190627163332,002,000,ION
LZNRIIFOROFN,BNFVZNNIULROO,20190627163331,002,000,LZ
IUVNULNVOOON,BURVDUZNVLOVNVLURZLF,20190627163331,002,000,IU
VLLZVIRZVFFV,BNFVZNLLRPUOU,20190627163331,002,000,VLL
ZNRPNOZOF,BNFVZNFNNULLN,20190627163331,002,000,ION
LNRZNVUPFVR,BURVZNZOPNRIV,20190627163331,002,000,LN
ZNLUUFOLP,BNFVZNNPVONVL,20190627163331,002,000,ION
ZNLVFRPVV,BNFVZNPORPUNR,20190627163331,002,000,ION
IOPLLVOLOPRF,BNFVZNNIULIPF,20190627163331,002,000,IOP
ILFIUIUZLUNNLUR,BNFVZNNIUOOFP,20190627163331,002,000,IL
IUPPURPVP,BNFVZNIFOIIFI,20190627163331,002,000,ION
ZNZRINOVI,BURVDUZNZUUZIIULVLZZ,20190627163330,002,000,ION
ZVOZZFORN,BNFVZNLLLIZRF,20190627163330,002,000,ION
VNNLOURZV,BNUUZNUFFNPFO,20190627163330,002,000,ION
IIFNPLIPVFF,BNFVZNNIUFRZV,20190627163330,002,000,II
VOVRUNUNR,BNUUZNLNPPINP,20190627163330,002,000,ION
OLZNNLUUFPFUU,BURVZNNIULNPZ,20190627163330,002,000,OL
ILFVPNNURUR,BNFVZNNIULUZN,20190627163330,002,000,IL
ZNFFUPLVF,BNFVZNNIUFRPR,20190627163330,002,000,ION
IIFPFVRNRUZ,BNFVZNNIUZIUN,20190627163330,002,000,II
IOIPRFUZOPRV,BNFVZFUZNPIZU,20190627163330,002,000,IOI
ZVFVVZLLF,BNFVZFURIZNFR,20190627163329,002,000,ION
IVLPFNIFRPO,BURVZNNIURPLP,20190627163329,002,000,IV
IIFRZVZROII,BNFVZNNIUZIOP,20190627163329,002,000,II
ZNUIVFNUF,BNFVZNUZLRNZR,20190627163329,002,000,ION
ZFPFPUNVZ,BNFVZNNIUFUIV,20190627163329,002,000,ION
IIFFIOLFNRU,BNFVZNPIFFVNU,20190627163329,002,000,II
VNUINNRVL,BNUUZNNNFRVIN,20190627163329,002,000,ION
IZUNNUUORIOR,BNFVZNFORPFIU,20190627163329,002,000,IZ
NLNFPIFPNUI,BNFVZFOILVLLI,20190627163329,002,000,NLNF
ZNUNIUOUI,BNFVZNZOLNINV,20190627163329,002,000,ION
IZIIZLULINUO,BURVDUZNZUUZFRUZOLVN,20190627163328,002,000,IZ
IIFFUVUUOOR,BNFVZNNIUFVNF,20190627163328,002,000,II
ZVFUNPUPP,BNFVZVFUNVFOR,20190627163328,002,000,ION
IUPPURULU,BNFVZNOVPNFRF,20190627163328,002,000,ION
LLVUIFUPNOIZ,BNFVZNULZIFUU,20190627163328,002,000,LL
VOVRUNUIV,BNUUZNURZNUVI,20190627163328,002,000,ION
IZUNUPLPUNUP,BNFVZNNIULOUF,20190627163328,002,000,IZ
VNUIOVOPP,BNUUZNPVOLPNP,20190627163328,002,000,ION
ZIINLNNZP,BNUUZNFNVVNNZ,20190627163328,002,000,ION
ZIINLNNZP,BNUUZVUNPZVZR,20190627163328,002,000,ION
LLRLLZLRINON,BNFVZFURIZULF,20190627163328,002,000,LL
IULOUIOPL,BNUUZNOUZNLNF,20190627163328,002,000,ION
ILFVZURVVUF,BNFVZNNZRILOO,20190627163328,002,000,IL
LLRLRZVRVFNR,BNFVZNZLPFPLV,20190627163327,002,000,LL
ZIVROVZPP,BNFVZNVIPVLNL,20190627163327,002,000,ION
NLPUIIUIFUL,BNFVZNNIUFRUV,20190627163327,002,000,NLPU
ILZNIRULLPI,BURVZVUVRVZLL,20190627163327,002,000,IL
IUPPURPVP,BNFVZNFUNPRLV,20190627163327,002,000,ION
LZFZRZVULU,BURVDUZNVLOVNZOPUFVI,20190627163327,002,000,LZ
OONNVRLLNZUU,BNFVZNNIUZOLN,20190627163327,002,000,OO
LLNZFVPILUVU,BNFVZNONLPRVO,20190627163327,002,000,LL
IIFFVOLVZRZ,BNFVZNLZUVVOZ,20190627163327,002,000,II
IUPPURULU,BURVZNVZIZRFO,20190627163327,002,000,ION
VNUINFIUL,BNUUZNOLUUPII,20190627163327,002,000,ION
VNUIIULUF,BNUUDUZNVLOVOZIROOOU,20190627163327,002,000,ION
OZUFZUVRRPNZ,BNFVZNRNPFFZR,20190627163327,002,000,OZU
VNUNZIUVO,BNUUZNFZLLIRL,20190627163327,002,000,ION
ZRVOUOZFUUOU,BURVZNNIUFIIU,20190627163326,002,000,ZRV
LLRRONUOVOFF,BURVZNIZVLUZF,20190627163326,002,000,LL
NRNIOZRVNIR,BNFVZNNIUOIOO,20190627163326,002,000,NRNI
ZNZURVONP,BNFVZNPPIZOIR,20190627163326,002,000,ION
VNUINRIVR,BNFVZFUZRURLFP,20190627163326,002,000,ION
VNUINUZPL,BNUUDUZNZUUZILZOUOOO,20190627163326,002,000,ION
VNUIVUOVI,BNUUZNRUUFVVN,20190627163326,002,000,ION
VNUIUVUPO,BNUUZNRRIOLNN,20190627163326,002,000,ION
VNUILNUZU,BNUUDUZNVLOVOOPNNVRF,20190627163326,002,000,ION
VNUIFZZUV,BNUUZNOLOFPFO,20190627163326,002,000,ION
ZNFNOLIFR,BNFVZNPVVUIPV,20190627163326,002,000,ION
ILFNRLUPNLR,BNFVZNRIPOVOP,20190627163326,002,000,IL
ZIVLUNZUL,BNUUZNOVULOUV,20190627163326,002,000,ION
ILFRILLUZUV,BNFVZNNIUPOPN,20190627163325,002,000,IL
VNNLONLPV,BURVZNFIZFORL,20190627163325,002,000,ION
ZNUFUIVII,BNFVZNFZLOUIZ,20190627163325,002,000,ION
ILZNUPPRNNF,BNFVZNOIIUIOU,20190627163325,002,000,IL
VOVRUNUNR,BNUUZNLNRRLIL,20190627163325,002,000,ION
LLVUIFUPNONI,BURVZNOUVIRZP,20190627163325,002,000,LL
IIZPILZVLZL,BNFVZNZNZOVVF,20190627163325,002,000,II
LLVUIINPNNNN,BNFVZFUZNPUNU,20190627163325,002,000,LL
ZNROPIPUP,BNFVZNPRFLZOO,20190627163324,002,000,ION
ILFZIUFNRRN,BNFVZNNIURNOI,20190627163324,002,000,IL
ZNOFPOINV,BNFVZNNIULRZO,20190627163324,002,000,ION
VOFVPLVVO,BNUUZNFULLPNN,20190627163324,002,000,ION
ILFUZNFLLRF,BNFVZNNIUZVON,20190627163324,002,000,IL
ZNPVUFRFO,BURVZNPROPFLN,20190627163324,002,000,ION
IPRFIIURNLN,BURVZNNIUZNLL,20190627163324,002,000,IPR
VNUIUPVRN,BNUUZNVLPROLZ,20190627163324,002,000,ION
IIFRNFVNZLL,BNFVZNZLNNUIO,20190627163324,002,000,II
IULOUVFZI,BNUUZVUUNRFLR,20190627163324,002,000,ION
IIFUIIIUPRP,BNFVZNNIUFRVF,20190627163324,002,000,II
IIFFPPPIOVO,BNFVZNNIUZOUZ,20190627163323,002,000,II
IUPPURULU,BURVZNVFLZVOR,20190627163323,002,000,ION
IUVINUIUNNZO,BURVZNUZLUPPV,20190627163323,002,000,IU
VOVRUNUNR,BNUUZNLNRNNNZ,20190627163323,002,000,ION
ZNNNIFZIV,BNFVZFUZRURFFN,20190627163323,002,000,ION
VNUIVNVRO,BNUUZNLUULLUV,20190627163323,002,000,ION
VNUNZIUVO,BNUUDUZNZUUZFFRIZURZ,20190627163323,002,000,ION
ZNVLZRURR,BNFVZNFRNZZZF,20190627163323,002,000,ION
VNOZIOUVV,BNFVZNNIUFLRN,20190627163323,002,000,ION
ZFPVIZZVU,BNFVZFPNLLLOO,20190627163323,002,000,ION
LLVUIFPLRIZL,BNFVZNNIUFZPV,20190627163322,002,000,LL
IUPPUNZOF,BURVZNZINFIRO,20190627163322,002,000,ION
VNNLOLUUU,BNUUZNNZRLZRV,20190627163322,002,000,ION
ZILLPPLLR,BNFVZNLOOOFPV,20190627163322,002,000,ION
IOZPRZILOUFR,BURVZVULLNRLZ,20190627163322,002,000,IOZ
