ZNRUUVFLU,BURVZNNIUONOZ,20190615235959,002,000,ION
VNNVULUVU,BNUUZNPFZULIP,20190615122047,002,000,ION
ZRNLRULULVL,BURVZNNIUFLIR,20190615122046,002,000,ZRN
VOFPRRNFL,BNUUDUZNVLOVOFPNNOVU,20190615122046,002,000,ION
VNNVULUVU,BNUUZNOVRNIPZ,20190615122046,002,000,ION
LLROVFIOVOUV,BURVZNRPPVRIF,20190615122046,002,000,LL
IUPPUIPFO,BNFVZNUOOUZZL,20190615122045,002,000,ION
IZIVPPLVFOIR,BNFVZFUFNOOVI,20190615122045,002,000,IZ
IOZPPPNFRIFF,BNFVZNNIUFLLP,20190615122045,002,000,IOZ
ZNIRVVPZF,BNFVZNLZNLFFI,20190615122045,002,000,ION
IINFZLVPVZN,BNFVZNNIUZVNF,20190615122045,002,000,II
LZNONVZULZFVO,BNFVZVUNLUPFZ,20190615122045,002,000,LZ
LLRIZZZLVIIN,BURVZNZLPRFZV,20190615122044,002,000,LL
LZRRINPFPOIR,BNFVZNNIULFFP,20190615122044,002,000,LZ
IZILRPIZFZIL,BNFVZNNIURRFO,20190615122044,002,000,IZ
ILFZOIPLIZN,BNFVZNNIURPFF,20190615122044,002,000,IL
IIFOZUVULRZ,BNFVZNNIURUIV,20190615122044,002,000,II
ZNUUOUVZL,BURVZNONUPLVZ,20190615122044,002,000,ION
ZFFFLZIIP,BNFVZNNFFLPUU,20190615122044,002,000,ION
LNRZLLZVOLV,BURVZNNIUOVRI,20190615122044,002,000,LN
ZFIOOIRZI,BNFVZNNFFLPUU,20190615122043,002,000,ION
ZNNUPRVUV,BNFVZNVLPRROF,20190615122043,002,000,ION
ZUOIVIVUZFOF,BNFVZNNIUFLNR,20190615122043,002,000,ZU
ZNZRRZNLU,BURVZNFUVUZLF,20190615122043,002,000,ION
LZNRLNROONFP,BNFVZNNIUFLNF,20190615122043,002,000,LZ
VNUILNUZU,BNUUZNLFUPPIV,20190615122043,002,000,ION
ZIROVNNFI,BURVDUZNZUUZFVZVRPRI,20190615122042,002,000,ION
ZNIVRLIRI,BNFVZNZVIVZNR,20190615122042,002,000,ION
ZNFZPLIRZ,BNFVZNNFFLPUU,20190615122042,002,000,ION
IVNNIIZUFU,BURVZNVNURNVR,20190615122042,002,000,IV
IUPPUOULU,BNFVZNNRZIIUR,20190615122042,002,000,ION
ZNZVUUIIF,BNFVZNFFOUROO,20190615122042,002,000,ION
LNRFPNVFVVV,BURVZNPOPLVUO,20190615122041,002,000,LN
ZNLVOFULF,BNFVZNRUUZPRZ,20190615122041,002,000,ION
LLNVFZPLZZVR,BNFVZNNIUOZUL,20190615122041,002,000,LL
ZNIFPLIRF,BNFVZNVLOZPPV,20190615122041,002,000,ION
ILFIPFNOLRZ,BNFVZNNIUFZPR,20190615122040,002,000,IL
IOVFVNFLNIUP,BNFVZNIRFZIVO,20190615122040,002,000,IOV
PPNFRRRIIOVN,BURVZNUZZUUUV,20190615122040,002,000,UNKNOWN
IULOUVUNP,BNUUZNVRVOZZN,20190615122040,002,000,ION
ZNIIIOOOP,BNFVZNFLLVIVL,20190615122039,002,000,ION
VNNVUFZUP,BNFVZNPOIOZPV,20190615122039,002,000,ION
IIFFUZFZURZ,BNFVZNNIUPLVO,20190615122039,002,000,II
LNRZNZIIPVL,BURVZNNNVNNFF,20190615122039,002,000,LN
VVUIUZPRN,BNUUZNZINONNN,20190615122039,002,000,ION
ILFUFZLFNNI,BNFVZNNIUFIVI,20190615122039,002,000,IL
ZNPULUPLU,BNFVZFRUVLLIF,20190615122038,002,000,ION
ZNLUFNUVP,BURVZNONFNVNO,20190615122038,002,000,ION
IZIVPPNVILZP,BNFVZNNIURORL,20190615122038,002,000,IZ
VNNLOLUUU,BNUUZNUNIOVRU,20190615122038,002,000,ION
VNUIUPUIO,BNUUZNUONFOIV,20190615122038,002,000,ION
ZFPURRFLO,BURVZNOOZOLVI,20190615122038,002,000,ION
ILFUFNLZUUL,BNFVZNNIULLUU,20190615122038,002,000,IL
LZNRIVIFUPVO,BNFVZNRORUOUV,20190615122038,002,000,LZ
ZNZINPVLV,BNFVZNPFOILFI,20190615122038,002,000,ION
IVLFOPNLPOU,BNFVZNPRRZFFI,20190615122037,002,000,IV
ZVONINUOV,BURVDUZNZUUZFOVFNINP,20190615122037,002,000,ION
ZNIIILZLI,BNFVZNVZLPURU,20190615122037,002,000,ION
ZNFZUNVNN,BNFVZFLOFZRVU,20190615122037,002,000,ION
IIFFVLVNNIV,BNFVZNNIUOVRP,20190615122037,002,000,II
IOVFZNRLPLUF,BURVZNNIURNUO,20190615122036,002,000,IOV
ZNFZZOIOL,BNFVZNNIUZPFR,20190615122036,002,000,ION
ZNRUFPLZI,BNFVZNRUFUONL,20190615122036,002,000,ION
ZNFZZRVIZ,BNFVZNNFFLPUU,20190615122036,002,000,ION
LLROIIOOIFRI,BNFVZFUZNLUIU,20190615122036,002,000,LL
IIFOURIVUVL,BNFVZNNIUZRFZ,20190615122036,002,000,II
VNUILNUZU,BNUUZNIURLILO,20190615122036,002,000,ION
IZUZVVLNOONN,BNFVZNOOZIVZL,20190615122035,002,000,IZ
IZIZVIRIVZFR,BNFVZNNIUFROR,20190615122035,002,000,IZ
ZNOPUVOOU,BNFVZNVRNLZNL,20190615122035,002,000,ION
LZZNNZROZRFIZ,BNFVZNNIURRFP,20190615122035,002,000,LZ
ILFNPNPUNIL,BNFVZNNIUOLIP,20190615122035,002,000,IL
IZIIOFLPRLFV,BURVZNNIULIPI,20190615122035,002,000,IZ
ILFPNIIOONN,BNFVZNNNRPIRN,20190615122034,002,000,IL
LZNRUUPZLLLI,BNFVZFOIUNLZL,20190615122034,002,000,LZ
ILFVRUPRIVP,BNFVZNVNORPIN,20190615122034,002,000,IL
FIZIORZLRUNL,BNFVZNNIURVVO,20190615122034,002,000,FI
IOVFZNOOUUFU,BNFVZNNIULNPL,20190615122034,002,000,IOV
ZNNUPZVPL,BNFVZNNFFLPUU,20190615122033,002,000,ION
ILFFROONLNN,BNFVZNNIUOFPL,20190615122033,002,000,IL
IILZORUFFLO,BNFVZNVRNINLF,20190615122033,002,000,II
IULOULUUU,BNUUZNZNPNNUV,20190615122033,002,000,ION
ZNRFLVPVN,BNFVZNNFFLPUU,20190615122032,002,000,ION
VINUPVONP,BNUUZNUNNULFU,20190615122032,002,000,ION
IUPPNUOVI,BNFVZNROOFPVR,20190615122032,002,000,ION
ZNZVRZZFL,BNFVZNZLOONNF,20190615122032,002,000,ION
ZRNOUNPZFIIU,BNFVZNNIUPPUV,20190615122032,002,000,ZRN
ZNPLUZUOL,BNFVZNNORUNZU,20190615122031,002,000,ION
LLNVRIFVRZIU,BURVVNOPIUVZU,20190615122031,002,000,LL
IIRPIFFPPUR,BNFVZNNIUFVIL,20190615122031,002,000,II
ZIIZLUUOP,BNUUZNVVVNVUO,20190615122031,002,000,ION
IULOUNZNI,BNUUZNPRRFNIZ,20190615122031,002,000,ION
IVPZFOPPVI,BNFVZNRLNRZVF,20190615122031,002,000,IV
ZNRUOZOOR,BNFVZNIINZLPR,20190615122030,002,000,ION
IOIPFVNOUINI,BNFVZNNIUPUOF,20190615122030,002,000,IOI
ZNVIPLZPN,BNFVZNIRIIONO,20190615122030,002,000,ION
ZNVOVUPOR,BNFVZNUPILFRP,20190615122029,002,000,ION
ZNULPRLZO,BNFVZFLIRZONL,20190615122029,002,000,ION
ZIULNRILL,BNFVZNFFZZZRV,20190615122029,002,000,ION
ZIPOIURVI,BURVZNUFFOIIZ,20190615122029,002,000,ION
ZFFOVVRUV,BNFVZFZVPVORL,20190615122029,002,000,ION
ILFUIOFFRNU,BNFVZFVVVRFVZ,20190615122028,002,000,IL
ZNPIINIVV,BNFVZNPNFRPNZ,20190615122028,002,000,ION
VNNLONLLP,BNFVZFFNFURLZ,20190615122028,002,000,ION
ZFUNIPRLV,BNFVZNNFFLPUU,20190615122028,002,000,ION
ZNPFLFNNO,BNFVZNVLPNFRR,20190615122028,002,000,ION
IIFNUIRZOIV,BNFVZNUURZFOR,20190615122028,002,000,II
IULOUIOPU,BNUUZNZURZULR,20190615122028,002,000,ION
ZNFRPVUUF,BNFVZNZUNUUNV,20190615122027,002,000,ION
IOVFZNNIILIZ,BURVZNLNPIILP,20190615122027,002,000,IOV
ZNILLNFIU,BNFVZNZONLORV,20190615122027,002,000,ION
IRIFPRUIUOL,BNFVZNNIURRLZ,20190615122027,002,000,IRI
ILFFIFNFUFN,BNFVZNNIUOIRL,20190615122027,002,000,IL
IRIFPRUIUOL,BNFVZNNIUZNPN,20190615122026,002,000,IRI
ZIOUFRRIL,BNFVZNNIURZON,20190615122026,002,000,ION
IULOUVFZF,BNUUZNUPFFUOO,20190615122026,002,000,ION
LIFRRFNLUULOZ,BNFVZNNIUZVLL,20190615122026,002,000,LI
LNRPZRFVUUP,BURVZNNNUFRFF,20190615122026,002,000,LN
ZNFLZRPFL,BURVZNLORULNL,20190615122025,002,000,ION
LZNRNLNVZPFI,BNFVZNNZILOZF,20190615122025,002,000,LZ
ZNFPFZVZR,BURVZNLIRZUVO,20190615122025,002,000,ION
LZNORINVNPNLL,BURVZNFOUROVF,20190615122025,002,000,LZ
ZNUVPFLUL,BNFVZFNRFZLOF,20190615122024,002,000,ION
ZNFPUIUPV,BNFVZVLLOPOOZ,20190615122024,002,000,ION
ZNUPVURLP,BNFVZFLVRUZII,20190615122024,002,000,ION
LZNRIRZNFVFR,BNFVZFVPIZZRF,20190615122024,002,000,LZ
ZNFPRLLZU,BNFVZFOULRFFV,20190615122024,002,000,ION
INFOIONURIU,BNFVZFFOZNOOL,20190615122023,002,000,IN
ZNIVNPZOZ,BNFVZNIRRLIZO,20190615122023,002,000,ION
IIFNNZFFPPL,BNFVZNNIULLZO,20190615122023,002,000,II
ILFRFIVUZIL,BNFVZNNIUOLFL,20190615122023,002,000,IL
ILFURVRIUIU,BNFVZNNIULRRO,20190615122023,002,000,IL
ZNUPFZFIU,BNFVZNOPRFRLV,20190615122023,002,000,ION
ZNFNNIFUU,BNFVZNZZONFFO,20190615122023,002,000,ION
VNVFFNPRFUFP,BNFVZNNIUZZZF,20190615122022,002,000,VNV
ZNVFIZRNO,BNFVZNZFVRORN,20190615122022,002,000,ION
VNUILNUZU,BNUUZNROZZOFP,20190615122022,002,000,ION
VRRILNUNFLP,BURVZVUOUUVLF,20190615122022,002,000,VR
IIFNVZOVOLV,BNFVZNRFRINLI,20190615122022,002,000,II
ZNRIRZFFN,BNFVZNNFFLPUU,20190615122022,002,000,ION
ZNONRVOFV,BNFVZNONRILNN,20190615122021,002,000,ION
ZIPNOOPVZ,BNFVZNIPLOIUF,20190615122021,002,000,ION
VIVPNVLLL,BNUUDUZNZUUZFPFUILLU,20190615122021,002,000,ION
LLRLUIRNVRRN,BNFVZFUZNINFN,20190615122021,002,000,LL
ZNPPILPNR,BNFVZNLZUZOZL,20190615122021,002,000,ION
LLRLVILUVVRL,BNFVZNNIURUIO,20190615122020,002,000,LL
ZFFZIOPLV,BNFVZNFPZVONF,20190615122020,002,000,ION
VFVZOUIIF,BNFVZNNIUFNPN,20190615122020,002,000,ION
IIFNOUVPOLF,BNFVZNZNONZNP,20190615122020,002,000,II
LLRPIUNIUNFZ,BNFVZNFNRNRVL,20190615122019,002,000,LL
ZFZPNIOIZ,BNFVZNNRZROOP,20190615122019,002,000,ION
FUNFVZZNRFL,BURVDUZNZUUZIPUNLPRO,20190615122019,002,000,FU
VPZPZNNUU,BNUUDUZNVLOVPZPVNPNP,20190615122019,002,000,ION
ZFPLOVNRL,BNFVZNZNLNPNF,20190615122019,002,000,ION
OONNZZNRPOVON,BNFVZFVZNNVVV,20190615122019,002,000,OO
ILFONLILFPO,BNFVZFUFNLNNU,20190615122018,002,000,IL
ZIPPNNFOL,BURVDUZNZUUZIOONNPVV,20190615122018,002,000,ION
IULOUIFIN,BNUUZNIOVPFUI,20190615122018,002,000,ION
LURPFRFPION,BNFVZNNIURNON,20190615122018,002,000,LU
ZFZUUNNLL,BNFVZNNPVRLRO,20190615122018,002,000,ION
ZNFLUUOIF,BNFVZNPINRUFF,20190615122017,002,000,ION
IIFPNUIINRF,BNFVZNNIUFUZO,20190615122017,002,000,II
ZNFFFFVPU,BNFVZNUINLZZN,20190615122017,002,000,ION
ZIPOFRNUI,BNFVZNVOPORVZ,20190615122017,002,000,ION
ZNZIFVUNL,BNFVZNUVNUPZZ,20190615122017,002,000,ION
ZNFIVNZPR,BNFVZNPONZLUU,20190615122017,002,000,ION
LNRFIINIIFN,BURVDUZNZUUZILIPFVRR,20190615122016,002,000,LN
ZNPZLLPNN,BNFVZNNFFLPUU,20190615122016,002,000,ION
ZNFOOUROV,BURVDUZNVLFVFIPOOOPF,20190615122016,002,000,ION
ZNVVIIUUR,BNFVZNFNNLNOL,20190615122016,002,000,ION
IIFIIRNZLIO,BNFVZNNIUPNVV,20190615122016,002,000,II
ZINPUVPPP,BNFVZNIFVZZFR,20190615122016,002,000,ION
LURPFRFPION,BNFVZNNIURNON,20190615122015,002,000,LU
IVLFOVUNIZF,BURVZNIRFRPFL,20190615122015,002,000,IV
VNUNZVPPP,BNUUZNRLIZIOF,20190615122015,002,000,ION
VNUILNUZU,BNUUZNPULZNLP,20190615122015,002,000,ION
IZIIPRRZFLLN,BURVZNNIUZPLV,20190615122015,002,000,IZ
VFFUPFIUN,BNUUDUIVUUUZFZLFVIZL,20190615122015,002,000,ION
ZNFLROLPV,BNFVZNLZVFURZ,20190615122015,002,000,ION
LURPFRFPION,BNFVZNNIURNON,20190615122014,002,000,LU
IILFIZRFIFP,BNFVZNNIUFFFZ,20190615122014,002,000,II
LURINVFIFVL,BNFVZVUNLZURV,20190615122014,002,000,LU
IUVFLFUINPPN,BNFVZVUNIPZRP,20190615122014,002,000,IU
VRPLLVFPZFL,BNFVZNRZUNILI,20190615122014,002,000,VR
LLNVILUIVPFZ,BNFVZNNIUFNRU,20190615122013,002,000,LL
LURPFRFPION,BNFVZNNIURNON,20190615122013,002,000,LU
IOVFZNNOZNRO,BNFVZNNIUPVZV,20190615122013,002,000,IOV
IVLRRPUUROI,BNFVZNLPOPIPO,20190615122013,002,000,IV
ZNLLUUPOR,BNFVZNPNUNZUO,20190615122013,002,000,ION
ZNVLUROIV,BURVDUZNZUUZILZULZON,20190615122013,002,000,ION
IIFVRVOORVO,BNFVZNNIURNPN,20190615122012,002,000,II
ZNRNIRVNF,BNFVZNRPIUNIF,20190615122012,002,000,ION
ZNOZIOULN,BNFVZNVVINUVZ,20190615122012,002,000,ION
ZIPZLFOUN,BNFVZNIPFNUOI,20190615122012,002,000,ION
ZNIOZIFII,BNFVZNLUOVZPV,20190615122011,002,000,ION
ZNIROONNI,BNFVZNVUNUUVP,20190615122011,002,000,ION
ILFVPOIOOPU,BNFVZNNIURLFU,20190615122011,002,000,IL
LURVNILZLNV,BNFVZFRRLIVZP,20190615122011,002,000,LU
VVLFVRRPURRL,BNFVZVUUUZPZL,20190615122011,002,000,VVL
ZNVVFUUVR,BNFVZNVVFUUIL,20190615122010,002,000,ION
IIRFNOVZPLZ,BNFVZNVROFNZV,20190615122010,002,000,II
IULOUIFIL,BNUUZNINLVZNR,20190615122010,002,000,ION
ZFLFNPNRO,BNFVZNNFFLPUU,20190615122010,002,000,ION
ILFLZIIFUOU,BNFVZNNIUOPIU,20190615122009,002,000,IL
VNNVUFZUP,BURVDUZNVFVVVZLLVIRN,20190615122009,002,000,ION
ZNLLVINVU,BNFVZFLVRZLNP,20190615122009,002,000,ION
ILFZZIUUZLN,BNFVZNNIUORPI,20190615122009,002,000,IL
IULOUVFZN,BNUUZVULROVFZ,20190615122009,002,000,ION
LURIVVNURRZ,BNFVZNVPPRULR,20190615122008,002,000,LU
IIRFRUIRUZI,BNFVZNNFFLPUU,20190615122008,002,000,II
ZILVFLFNV,BNFVZNOVLNFLN,20190615122008,002,000,ION
ILFOZILRLFI,BNFVZNNIUPPLI,20190615122008,002,000,IL
IULOUIPNP,BNUUZNLPNRURI,20190615122008,002,000,ION
ZIILNNIPP,BURVZNIZLNRNV,20190615122008,002,000,ION
IIFLRNNVIPO,BNFVZNNIULUFO,20190615122007,002,000,II
LZNRUFUUROLP,BNFVZNNIUPLVI,20190615122007,002,000,LZ
LLNVILUILZZP,BNFVZNNIUOLOO,20190615122007,002,000,LL
ZNLZVVRUV,BNFVZNILRFOUV,20190615122007,002,000,ION
VNNVUFZUP,BNFVZNPIPIIZI,20190615122007,002,000,ION
LZNRRUZFLRUV,BURVZNPRLVZIV,20190615122007,002,000,LZ
IOIPRRRLNNPO,BNFVZNNIUOPIZ,20190615122007,002,000,IOI
IUPPUUILZ,BURVZNOUFOFNU,20190615122006,002,000,ION
VIPVRINVLV,BNFVZNRLULUUL,20190615122006,002,000,VIP
IUPPUOULU,BNFVZFPOLIVNP,20190615122006,002,000,ION
VNNVUFZUP,BNUUZNIOUVLIP,20190615122006,002,000,ION
IOVFVNVLLUNL,BURVZNNIULFOU,20190615122005,002,000,IOV
IOVFVNFPUUUO,BURVZNZUNUNOF,20190615122005,002,000,IOV
ZNFOLFIPF,BNFVZNNZROLPU,20190615122005,002,000,ION
ILFVPZPPFUU,BNFVZNNIUFUFP,20190615122005,002,000,IL
PFNOPNRLLRPZP,BURVZNNIULOFR,20190615122004,002,000,PF
IOVFFNZRZPNI,BNFVZNNIUOVOL,20190615122004,002,000,IOV
ZNUPIPUIF,BNFVZNOIUFNLZ,20190615122004,002,000,ION
VOFPOVOZI,BNUUZNRFRVVUU,20190615122004,002,000,ION
LZILFONLZFVIF,BNFVZNNIUPZFP,20190615122004,002,000,LZ
VRPIVONPPFN,BNFVZNNIUPURP,20190615122004,002,000,VR
ZNLFVIFPV,BNFVZNUNORZUR,20190615122004,002,000,ION
LLRPRUZNPOOU,BNFVZFUZNZNPO,20190615122003,002,000,LL
ZFZOIUIUV,BNFVZNLNRPFFU,20190615122003,002,000,ION
ILFFNLLOZFF,BNFVZNNIUPNOZ,20190615122003,002,000,IL
OOVVZZRVIUVZF,BNFVZNOUFOLRN,20190615122002,002,000,OO
ZFRVNNLLR,BURVZNUVIVIFV,20190615122002,002,000,ION
VNUILIRRO,BNUUZNIOVPUZZ,20190615122002,002,000,ION
ZNPFPVLFF,BURVZNUNFVLLU,20190615122002,002,000,ION
VLLZIZIUNULF,BNFVZNRLIUOVI,20190615122001,002,000,VLL
IOIZRPLNNN,BNFVZFURNFVPR,20190615122001,002,000,IOI
ZNFUNUOFI,BURVZNNIULLFZ,20190615122001,002,000,ION
OOPNZZOVFROUP,BNFVZFPLINNNR,20190615122001,002,000,OO
VNUNZVPRN,BNUUZNZOONOUI,20190615122001,002,000,ION
INFOINLUPOF,BNFVZNNIUPULO,20190615122001,002,000,IN
IPUZFVNNPVIN,BNFVZFURNFVLL,20190615122001,002,000,IPU
ZNNZOIVNV,BNFVZFILOVLFO,20190615122000,002,000,ION
ZNZFZVVRI,BNFVZNNIUPZRU,20190615122000,002,000,ION
VNUIUPUIO,BNUUZNIOURUFL,20190615122000,002,000,ION
ZNRUURLUN,BNFVZNRPPZLPU,20190615122000,002,000,ION
IVLZNNRUZOP,BURVZNNIUPUPZ,20190615122000,002,000,IV
ZNORFZPVF,BNFVZNZZLZPNV,20190615121959,002,000,ION
ZIOUIVRUI,BNFVZNILFUVLI,20190615121959,002,000,ION
ZFVRRRUUU,BNFVZNRIOIVNO,20190615121959,002,000,ION
ZNFUFROPP,BNFVZNOROVONF,20190615121959,002,000,ION
LLNRUZZNRLRI,BNFVZNNIULNFV,20190615121959,002,000,LL
VNUILNUZU,BNUUZNVIPFIRP,20190615121958,002,000,ION
VNNVUFZUP,BURVDUZNVLOVVZLPOUIP,20190615121958,002,000,ION
ZFPNPPPIN,BNFVZNVLIZLUV,20190615121958,002,000,ION
ZNRFLVPVN,BNFVZNZLPUVVI,20190615121958,002,000,ION
VNUNZVPRN,BNUUZNONVIVUI,20190615121958,002,000,ION
VNUNZVPRN,BNUUZNPLUNFLP,20190615121958,002,000,ION
VNUNZVPRN,BNUUZNIPFLZUV,20190615121958,002,000,ION
IUPPUZFVL,BNFVZNIUFOZUU,20190615121958,002,000,ION
ZNURZOFOR,BURVDUZNZUUZIPNVNNON,20190615121957,002,000,ION
IIZFZIZUZOO,BNFVZNNIUFURU,20190615121957,002,000,II
IUUUUFFRP,BNUUZNRVPIRFZ,20190615121957,002,000,ION
VOOUNNOZP,BNFVZNNFFLPUU,20190615121957,002,000,ION
LIFOUOONPFUR,BNFVZNUOILZZO,20190615121957,002,000,LI
ILFUOPUNZUU,BNFVZIUNLULRP,20190615121957,002,000,IL
IUPPUOULU,BNFVZFPOLIVNP,20190615121957,002,000,ION
ZNLPROZZP,BNFVZNZILFUZI,20190615121956,002,000,ION
ZNZUVRFOF,BNFVZNILFPLNO,20190615121956,002,000,ION
ZNVUPOLNU,BURVZNZZFOVUN,20190615121956,002,000,ION
ILFRIUZNUFZ,BNFVZNNFFLPUU,20190615121956,002,000,IL
VNUIILLNI,BNUUDUZNVFVVNVULFVNI,20190615121956,002,000,ION
ZNOLNFIOO,BURVDUZNZUUZFZONOIOR,20190615121955,002,000,ION
ILFFINPPOFO,BNFVZFPLVRNRR,20190615121955,002,000,IL
VNNVUFZUP,BNUUZNUIRUNUR,20190615121955,002,000,ION
IOVFFNZRZPNI,BNFVZNNIULILF,20190615121955,002,000,IOV
ZNPNLPNLL,BNFVZNILOUOPZ,20190615121955,002,000,ION
IOVFVNROZRNI,BNFVZNPLVIOZV,20190615121954,002,000,IOV
ZNVRZOVRN,BNFVZNRLRZLRP,20190615121954,002,000,ION
IIFVNNIUULI,BNFVZNVURFUZI,20190615121954,002,000,II
VVUPVVNRZ,BNUUZNLFPIVNV,20190615121953,002,000,ION
ZIIUPUILP,BNFVZNUFNZVOO,20190615121953,002,000,ION
VOFNZNVOV,BNUUDUZNVFVVILFVNNZR,20190615121953,002,000,ION
VNUNZVPRN,BNUUZNPVINNIR,20190615121953,002,000,ION
ILFIILOFVUN,BNFVZNNIUFOUV,20190615121953,002,000,IL
LLRPIRZRFLIL,BNFVZFURNOZNR,20190615121953,002,000,LL
LNRPZUOIPFR,BURVDUZNZUUZIIRNORIU,20190615121952,002,000,LN
LURPFRFPION,BNFVZNNIURNON,20190615121952,002,000,LU
ZNZUZPVRI,BNFVZVUNULUVZ,20190615121952,002,000,ION
RZFFIOZNLPZ,BNFVZVUVNVPOZ,20190615121952,002,000,R
IZUOLLLIZOVI,BNFVZNLRFZZLO,20190615121951,002,000,IZ
VOFVPRLRR,BNUUDUZNVLOVOFVPUZFR,20190615121951,002,000,ION
LZNRROUUVPRI,BNFVZNRUVZLIF,20190615121951,002,000,LZ
VNUILNUZU,BNUUZNPIPZUUV,20190615121951,002,000,ION
LZNRFUNIIPZV,BNFVZFIIPLIOL,20190615121951,002,000,LZ
VNUILNUZU,BNUUZNRRIIZUP,20190615121951,002,000,ION
IINRFZRRFVZ,BNFVZNNIUPZNF,20190615121951,002,000,II
IUPPURFZV,BNFVZNNRIVOFO,20190615121950,002,000,ION
VNUILNUZU,BNUUDUZNZUUZFPFVIPFU,20190615121950,002,000,ION
LLRFVLLVOOPU,BNFVZNIVVLRFL,20190615121950,002,000,LL
VNNVULUVU,BNUUZNNRPFILU,20190615121950,002,000,ION
ZIIIOVIZZ,BURVDUZNZUUZFLRPONVL,20190615121950,002,000,ION
IINLPFVZFVO,BNFVZVUIINVUF,20190615121950,002,000,II
LZNONVLLUNZIR,BURVZNVROLVNV,20190615121950,002,000,LZ
LNRZFUOPIPL,BURVZNILUUZZP,20190615121950,002,000,LN
ZVORNVUVI,BURVDUZNZUUZFNONPOZO,20190615121949,002,000,ION
IUPPNNFZN,BURVDUZNZUUZFRUOUZVL,20190615121949,002,000,ION
ZNPIRLVRU,BNFVZNLLZLRVV,20190615121949,002,000,ION
LIFRFRNOZZRV,BNFVZNVPUVNIL,20190615121949,002,000,LI
ZFZOVFUPV,BNFVZNZZZIVZI,20190615121948,002,000,ION
ILFVPRPIFIR,BNFVZNNIUONUR,20190615121948,002,000,IL
VNUILNFNZ,BNUUZNZZOIORF,20190615121948,002,000,ION
ZNVIFUUNO,BNFVZNOUNZLZL,20190615121947,002,000,ION
LLRPOOLVLUUR,BNFVZFOPRZRNU,20190615121947,002,000,LL
LLRLFFUVNOVP,BNFVZFNLRFIUI,20190615121947,002,000,LL
ZNUNLOZFV,BNFVZNZVVLFFZ,20190615121947,002,000,ION
LZNROULOVPPO,BNFVZNLNRPVRO,20190615121947,002,000,LZ
ZNRROLFVI,BNFVZNLFVZRIU,20190615121947,002,000,ION
LNRZRIIPION,BURVZNIOOZRRL,20190615121946,002,000,LN
ZVOZPLUIP,BNFVZNFVVZOIZ,20190615121946,002,000,ION
LLRLFVNPRPPI,BNFVZFURIZRNF,20190615121946,002,000,LL
ILZPPULOUNO,BNFVZNNIUPFVP,20190615121946,002,000,IL
IULOUNZNU,BNUUZVULFRPRR,20190615121946,002,000,ION
ZNZUFLVLV,BNFVZNINLZOPI,20190615121945,002,000,ION
ILFNZUVRFIN,BNFVZNNIULLLU,20190615121945,002,000,IL
LZNFVVPNNVIU,BNFVZNVLORIVU,20190615121945,002,000,LZ
LZNONRNOIRUZP,BURVDUZNVLFVLZOLURLU,20190615121945,002,000,LZ
ZNRPZVPPL,BNFVZNFLLUPFV,20190615121945,002,000,ION
ZVFPOURNU,BURVZNZUZRNUV,20190615121944,002,000,ION
IOVFVNIFUVZP,BURVZNNFFLPUU,20190615121944,002,000,IOV
VNNPVLFPL,BNUUDUZNVLOVNUPLRUVV,20190615121944,002,000,ION
LNOVVVVPORF,BURVZVUUINILN,20190615121944,002,000,LN
IOVFVNIFUVZP,BURVZNNFFLPUU,20190615121943,002,000,IOV
IIFUOVONVUN,BNFVZNNIUOZLF,20190615121943,002,000,II
ZIILFPPZO,BURVDUZNZUUZILLIPPUI,20190615121943,002,000,ION
ZNONNLOFZ,BNFVZNVLPNURF,20190615121943,002,000,ION
ZILOIUONV,BNUUZNUZOZOUF,20190615121943,002,000,ION
VNUNZVPPP,BNUUZNFILZRRZ,20190615121943,002,000,ION
ZNVUOOOLF,BNFVZFVUZIZFR,20190615121943,002,000,ION
ILFUOPUNZUU,BNFVZIUNLULRP,20190615121942,002,000,IL
ILFNZNUUOLI,BNFVZNNIUORON,20190615121942,002,000,IL
LZNOVVPOUZUZI,BNFVZNRZPOUFO,20190615121942,002,000,LZ
LZIUZNLRZUVV,BNFVZNZLZZIOI,20190615121942,002,000,LZ
LZNROZIUIOVI,BNFVZNPZOVPFZ,20190615121942,002,000,LZ
ZNOOVNLZV,BNFVZNONZIPOU,20190615121942,002,000,ION
LZNRIIROURFO,BNFVZNNIURIRP,20190615121941,002,000,LZ
ZNNZFIFUZ,BNFVZNNFFLPUU,20190615121941,002,000,ION
NFLRZZNNPFZ,BNFVZNNIUPLPI,20190615121941,002,000,NFLR
VNNVULUVU,BNUUZNNUPUVFO,20190615121941,002,000,ION
ZNZVOOFRU,BNFVZNLRRFVZU,20190615121941,002,000,ION
OONZLUFVOVPI,BNFVZNNIUFVNN,20190615121941,002,000,OO
ZNLNIIRUF,BNFVFUZNZOIOLNV,20190615121941,002,000,ION
ZNRLUPUZV,BNFVZNOPUFFUU,20190615121940,002,000,ION
VLLZVNUILUNV,BNFVZNNIUFFNP,20190615121940,002,000,VLL
VNNVULUVU,BNUUZNNRUPFPR,20190615121940,002,000,ION
IOIPFPRLZPPR,BNFVZNNIUZNLR,20190615121939,002,000,IOI
IZILZOUVUPII,BNFVZNNIUFPIU,20190615121939,002,000,IZ
LLRROFUIVRFF,BNFVZNNIUFOFR,20190615121939,002,000,LL
ZFOUPLRLP,BNFVZNFRILPUU,20190615121939,002,000,ION
INFNZFVRFPN,BNFVZNNIULFFL,20190615121939,002,000,IN
LLRRFFONIZRN,BNFVZNNIULPOO,20190615121939,002,000,LL
ZNORLVLLI,BNFVZFRVLPLPZ,20190615121938,002,000,ION
ZNIVLOZLN,BNFVZNRIZPIIZ,20190615121938,002,000,ION
ZNRLVNZOR,BNFVZNVOUVRLU,20190615121938,002,000,ION
ZIPPNNFOL,BURVDUZNZUUZIOONNPVV,20190615121938,002,000,ION
IULOUIOPO,BNUUZVULRRZLL,20190615121938,002,000,ION
IIFNZOVPVFR,BNFVZNNIUOION,20190615121938,002,000,II
ZNFOIFRRZ,BNFVZNNFFLPUU,20190615121938,002,000,ION
LLROFNUIIUIF,BURVZNVRZFFRV,20190615121937,002,000,LL
LLROLPOUNPUO,BNFVZNNIUOLOV,20190615121937,002,000,LL
ZNVLPRROF,BNFVZNNUPRVUV,20190615121937,002,000,ION
IOIPIIULVOVL,BNFVZFLLNFINZ,20190615121937,002,000,IOI
IZIIPIZPZLRP,BNFVZNUZFOVFO,20190615121937,002,000,IZ
VNUILNUZU,BNUUZNOUOVLVV,20190615121937,002,000,ION
VNUNZVPRN,BNUUZNZVRZRUV,20190615121937,002,000,ION
FNLFPOROOFV,BNFVZVUOVRLLR,20190615121936,002,000,FN
ZNIRVUVZL,BNFVZNULOPFIP,20190615121936,002,000,ION
ZNFUZPLIF,BURVDUZNZUUZIVLZZUVN,20190615121936,002,000,ION
IUPPNIIOL,BNFVZVOVUZIZZ,20190615121936,002,000,ION
ZIFPRFVRV,BURVZNINRVUUP,20190615121936,002,000,ION
ZNZNONILN,BNFVZNLRLUPVF,20190615121936,002,000,ION
VVUPNUVLL,BNUUZNRNLNUON,20190615121935,002,000,ION
ZIIVZZURU,BNFVZNNNVIRFN,20190615121935,002,000,ION
VNUNZVPPP,BNUUZNPFLVRVZ,20190615121935,002,000,ION
VNUNZVPPP,BNUUZNVOLUUVZ,20190615121935,002,000,ION
ZNUPFPZUU,BNFVZNVRUINZV,20190615121935,002,000,ION
IIRRVIORUFV,BNFVZNOLVPZLF,20190615121934,002,000,II
IUPPNUOVI,BNFVZNFVPFNFF,20190615121934,002,000,ION
ILZFOUVUUUN,BNFVZVRULZZLZ,20190615121934,002,000,IL
ZNFNVPPLU,BNFVZNZVIOLLR,20190615121933,002,000,ION
IIFVLFVVNPR,BNFVZNVILVOOL,20190615121933,002,000,II
VNNVULUVU,BNUUZNLLFRVPV,20190615121933,002,000,ION
IZIIZVIVOIOU,BNFVZNNIULVFI,20190615121933,002,000,IZ
LZNRLRFZZZZL,BNFVZNNIUZNFO,20190615121933,002,000,LZ
LUROVVNILRL,BNFVZFFPNNNRO,20190615121933,002,000,LU
ZNOOULFNV,BNFVZFFUNFRRI,20190615121932,002,000,ION
ZNIPIINFI,BNFVZNUUOVZVI,20190615121932,002,000,ION
ZFVFRPOUR,BNFVZFONPVVRI,20190615121932,002,000,ION
IIFNVZRVUPL,BNFVZNZRORRZU,20190615121932,002,000,II
ZILNOFFRL,BNFVZNUPZLIIO,20190615121932,002,000,ION
ILFRFFNUOPL,BNFVZNNIUFLOO,20190615121932,002,000,IL
ZFLRPONVL,BNFVZFFFIZVRI,20190615121932,002,000,ION
VNNVUFZUP,BNFVZNILUUPLI,20190615121932,002,000,ION
LZNRFIPRPRVZO,BNFVZNNIUFUZV,20190615121931,002,000,LZ
LZNFIRRFVLUP,BNFVZNPPLVRON,20190615121931,002,000,LZ
VNUNZVPPP,BNUUZNULPPFZI,20190615121931,002,000,ION
VNUNZVPPP,BNUUZNFZOZUVR,20190615121931,002,000,ION
ZNFONLIZO,BNFVZNONVOFLN,20190615121931,002,000,ION
ZVFFONURN,BNFVZNFFNOLLZ,20190615121930,002,000,ION
ZNIINILVL,BNFVZNUIPUZRN,20190615121930,002,000,ION
VLLZVILOVFNU,BNFVZNNIUROLO,20190615121930,002,000,VLL
LNRFLIZUZPR,BURVZNRNRFVUN,20190615121930,002,000,LN
IZIIZLURURRR,BNFVZNNIUFILO,20190615121930,002,000,IZ
ZNFLZPPLF,BNFVZNUIFNLFL,20190615121930,002,000,ION
ZNFOOIVUP,BNFVZVFRUNVLR,20190615121930,002,000,ION
ZNURPVNLL,BNFVZNUUVPOVF,20190615121929,002,000,ION
INVURNFZIVF,BNFVZNNIURZRO,20190615121929,002,000,IN
LIRVURROOIR,BURVZNNIUFPUP,20190615121929,002,000,LI
ILFFNIFONPR,BNFVZFLIIFFFO,20190615121929,002,000,IL
ILFOPVZLFFU,BNFVZNZZROPPI,20190615121929,002,000,IL
VNUNZVPRN,BNUUZNRPVPRII,20190615121929,002,000,ION
ZNORRFUIR,BNFVZNRRFZPOV,20190615121929,002,000,ION
LNRZRFPRLIR,BURVZNNPIOPPF,20190615121928,002,000,LN
ZFRFFFNLN,BNFVZFUZRUULFN,20190615121928,002,000,ION
ZRRZPNOPFNLLF,BNUUZVUUFNVFI,20190615121928,002,000,ZRR
ZNZZIFIPF,BNFVZFLUPRRIU,20190615121928,002,000,ION
ZNUOVNIVV,BNFVZNNFFLPUU,20190615121928,002,000,ION
LLRPNLPRNPVU,BNFVZFURIPFNP,20190615121927,002,000,LL
ZNRZRNZON,BNFVZNZOVZFZI,20190615121927,002,000,ION
ZNLVUFLRN,BNFVZNRVFNNNP,20190615121927,002,000,ION
IULOUVUNU,BNUUZVUOLRLIF,20190615121927,002,000,ION
VNUNZVPPP,BNUUZNLNZILLV,20190615121927,002,000,ION
VNUNZVPPP,BNUUZNLRIRVVF,20190615121927,002,000,ION
ZIVRINPVP,BNFVZNNNZRNOZ,20190615121926,002,000,ION
LZNRVZLNZOIU,BNFVZNFPFOLLZ,20190615121926,002,000,LZ
ZIVFVPLIV,BNFVZNOFOUNPU,20190615121926,002,000,ION
INFNRIUFINO,BNFVZNNIUOVPP,20190615121925,002,000,IN
VLLZIVIZORLL,BURVDUZNZUUZIILIIVZV,20190615121925,002,000,VLL
ZIZIINPFL,BNFVZNLRVLPOF,20190615121925,002,000,ION
ZFVZOFUUV,BNFVZNRPONUOL,20190615121925,002,000,ION
LZRVRVZVZONI,BNFVZNZPOVLZI,20190615121925,002,000,LZ
IIFRFRLLUOU,BNFVZNPRVOVVV,20190615121925,002,000,II
VNUNZVPRN,BNUUZNFFOUFFU,20190615121925,002,000,ION
ZNVIPZIPF,BNFVZNNIUPUOR,20190615121925,002,000,ION
ZNOZOVPIV,BNFVZNIVIUUZO,20190615121924,002,000,ION
VLLZVNUILUNV,BNFVZNNIURZNL,20190615121924,002,000,VLL
VNUILNUZU,BNUUZNPRLPFIZ,20190615121924,002,000,ION
VNNVUFZUP,BNFVZNPPFFFFF,20190615121923,002,000,ION
LLRORUOOOONO,BNFVZVFONFVNU,20190615121923,002,000,LL
ZNUZRPOFL,BNFVZNZNFNPRN,20190615121923,002,000,ION
ZNVPLRVNU,BNFVZNNFFLPUU,20190615121923,002,000,ION
LRLPVVVRRZ,BNFVZNRPUUVOO,20190615121923,002,000,LR
VNUNZVPPP,BNUUZVUUZLVZN,20190615121923,002,000,ION
VVRFFRORV,BNUUDUZNVLOVVFNUZPPU,20190615121923,002,000,ION
IIFRVZPINZP,BNFVZNFPVPVVL,20190615121923,002,000,II
IOVFZNIIIPZO,BNFVZNNIUPPON,20190615121922,002,000,IOV
NPORIUZRZLV,BNFVZNNIUROIV,20190615121922,002,000,NPOR
VNUILNUZU,BNUUZNOUNVURO,20190615121922,002,000,ION
VNNVULUVU,BNUUZNNOORVVZ,20190615121922,002,000,ION
LLROPLNINZOO,BNFVZNNIURPVV,20190615121922,002,000,LL
ILFIRRUOILN,BNFVZNNIUOUOI,20190615121922,002,000,IL
LLRONORFUUNF,BNFVZFUZNFLLR,20190615121921,002,000,LL
ZNILFUNNF,BNFVZNNFFLPUU,20190615121921,002,000,ION
ZNOUIFUPL,BURVZNNFFLPUU,20190615121921,002,000,ION
VNNVULUVU,BNUUZNNROUFUU,20190615121921,002,000,ION
ZNONRVOFV,BNFVZNONRILNN,20190615121921,002,000,ION
VNUNZVPRN,BNUUZNIPVNIPR,20190615121921,002,000,ION
LZNRFPIUZOUIU,BNFVZNNIUFVLN,20190615121920,002,000,LZ
LLRPFRPUVPUF,BNFVZNNIULZVN,20190615121920,002,000,LL
IIFILFLZNNO,BNFVZNLUUPRFO,20190615121920,002,000,II
ILFRIUZNUFZ,BNFVZNPRIILVZ,20190615121920,002,000,IL
VNUILNUZU,BNUUZNRFULRNI,20190615121920,002,000,ION
VNUILNUZU,BNUUZNVPVLNFP,20190615121920,002,000,ION
VNUILIRVN,BNUUDUZNVLOVNRRPUNPN,20190615121920,002,000,ION
ZNNNVZLLR,BNFVZNNIULUOP,20190615121919,002,000,ION
IULOUNZNN,BNUUZNINFUFNN,20190615121919,002,000,ION
VNUNZVPPP,BNUUZNRRVFLVV,20190615121919,002,000,ION
LLRRILVNVPRI,BNFVZNNIULPVF,20190615121918,002,000,LL
ZNVUVLVRI,BNFVZFLIUOIPP,20190615121918,002,000,ION
IULOUIFIF,BNUUZNPRIUNNN,20190615121918,002,000,ION
ZNFOPIFOV,BNFVZNFLOILFP,20190615121918,002,000,ION
VLLZIRFZZUFU,BNFVZNNIURPFU,20190615121917,002,000,VLL
ZFIFFOFLF,BNFVZNNFFLPUU,20190615121917,002,000,ION
VNUNZVPRN,BNUUZNNFRNOUP,20190615121917,002,000,ION
ZVLLUPNLR,BNFVZNFNOPOON,20190615121917,002,000,ION
ZIPPUUOLR,BNFVZNUOIUFUR,20190615121916,002,000,ION
LLRRFFRIIZVP,BNFVZFURIRZIU,20190615121916,002,000,LL
ILFRIRRZRIP,BNFVZNNIUZFPF,20190615121916,002,000,IL
ZNPRIUOFU,BNFVZNRIZUFPV,20190615121916,002,000,ION
IPOZRFRPPLUN,BURVDUZNVLOVNUPLNVOI,20190615121916,002,000,IPO
LURIVORRLIO,BNFVZNNIURUNO,20190615121916,002,000,LU
VNVFOUIOLOUV,BNFVZFOFLZIFF,20190615121915,002,000,VNV
LZNRIRZNFVFR,BNFVZFVPIZZRF,20190615121915,002,000,LZ
VNULNIORP,BNUUDUZNVLOVNRNFIFFZ,20190615121915,002,000,ION
IPOLIVNLNRP,BURVDUZNVLOVNZIRVNLN,20190615121915,002,000,IPO
ZNIZFFZVO,BNFVZNVIPOIVN,20190615121914,002,000,ION
ZNPFZRRULOPN,BNFVZNNIUPLRU,20190615121914,002,000,ZN
VNULILLRZ,BNUUZNPZLZFRZ,20190615121914,002,000,ION
ILFNZVFLPUV,BNFVZNNIUZOVV,20190615121914,002,000,IL
VNNVUFZUP,BURVZNPPFFFFF,20190615121914,002,000,ION
IFRUIFNNPVL,BNFVZVUIZUONV,20190615121913,002,000,IF
LNRPPLFZOIP,BURVDUZNZUUZFFVLIROL,20190615121913,002,000,LN
IVLRVVNZUPF,BNFVZNPIFIUUF,20190615121913,002,000,IV
VNUNZVPRN,BNUUZNFOVZUVF,20190615121913,002,000,ION
IIFLOZRFZIR,BNFVZNNIUPIRN,20190615121912,002,000,II
VNNVUFZUP,BNFVZNRUPONZV,20190615121912,002,000,ION
IULOUIPNP,BNUUZVUUZRNZF,20190615121912,002,000,ION
LLROZLZIRPNP,BNFVZNNIULFVF,20190615121912,002,000,LL
IIFPVNFOOUU,BNFVZNNIUZPZF,20190615121912,002,000,II
IIFVNPRZILO,BNFVZNZOFRULL,20190615121911,002,000,II
IVLROIFRVZP,BURVZNNIURFOZ,20190615121911,002,000,IV
ZNRRFPRIU,BNFVZNFVPZUZV,20190615121911,002,000,ION
IOVFZNRLLZFF,BNFVZNFRINFVV,20190615121911,002,000,IOV
ZNPOPUVIZ,BNFVZNNUNOFIR,20190615121911,002,000,ION
VNUNZVPPP,BNUUZNIPLVORZ,20190615121911,002,000,ION
ZFLFFVZVZ,BNFVZNNIUZLII,20190615121911,002,000,ION
ZNUUUZNRN,BNFVZNOIFIOFR,20190615121911,002,000,ION
ZNUVVFZRO,BNFVZNOOVURPU,20190615121910,002,000,ION
VNVFVUIUOLNU,BNFVZNNIUZVOI,20190615121910,002,000,VNV
IOIPFPOFIPRU,BNFVZNNIURFFV,20190615121910,002,000,IOI
IIFRVLZZILI,BNFVZNNIUOZRU,20190615121910,002,000,II
LNRFFZIPUFO,BURVZNLRLLVRV,20190615121910,002,000,LN
ZVUNVZLUU,BNFVZNNOUPNVV,20190615121910,002,000,ION
ZFRUZLNPV,BNFVZNFPUIFUP,20190615121909,002,000,ION
IIFNRVPURUI,BNFVZNNIURPLI,20190615121909,002,000,II
VILINLZVU,BNUUVILNIIIZU,20190615121909,002,000,ION
VLIIUUVUU,BNUUZNPLOLLNV,20190615121909,002,000,ION
ZNRFIFVUI,BNFVZNPFOVNUU,20190615121909,002,000,ION
ZNUPFZFIU,BNFVZNRIRZFFN,20190615121909,002,000,ION
ILFLZUIVNIF,BNFVZNNIUOUZI,20190615121908,002,000,IL
ZNFLZRRLV,BNFVZNNIUZIOF,20190615121908,002,000,ION
VNUILIRRO,BNUUZNZIUPORF,20190615121908,002,000,ION
LUROVIVPPRF,BNFVZVUNLONFR,20190615121908,002,000,LU
VNUIUPUIO,BNUUZNOOLULFP,20190615121908,002,000,ION
LLRZVURZPIUI,BNFVZNNIUFLOO,20190615121908,002,000,LL
IULOUIIOR,BNUUZNLRIOORL,20190615121908,002,000,ION
ZNIVVLZNR,BNFVZNINPFLII,20190615121908,002,000,ION
ILFRIRRZRIP,BNFVZNNIUZPOU,20190615121907,002,000,IL
ILFROZOFPNI,BNFVZNNIUFLOF,20190615121907,002,000,IL
IIVIPILFPNN,BURVZNFRZLVUR,20190615121907,002,000,II
IIRONNVPNIN,BNFVZNNUVNZNF,20190615121907,002,000,II
IUPPUZFVL,BURVDUZNVFVVLLORRILI,20190615121907,002,000,ION
ZFLUVUOUF,BNFVZNFUNVROV,20190615121907,002,000,ION
ILFFUVLIIPV,BNFVZFZUUVVII,20190615121907,002,000,IL
ZIFUNURZV,BURVZNRONZOVP,20190615121906,002,000,ION
ZFOFFNLUR,BNFVZNIZNPLPN,20190615121906,002,000,ION
ZNRNUOUPN,BNFVZNFIUVFVL,20190615121906,002,000,ION
ZNNZFIFUZ,BNFVZNPNLLFRZ,20190615121906,002,000,ION
IUPPURFUZ,BURVDUZNZUUZIRRUFFRP,20190615121906,002,000,ION
ILFFIFRNPRN,BNFVZFVZNFVPZ,20190615121906,002,000,IL
LLRIZIFPRONF,BNFVZFUZNORPN,20190615121906,002,000,LL
ZNZOOLFFL,BNFVZNNFFLPUU,20190615121905,002,000,ION
INFNUZLZIUU,BNFVZNNIUOFVI,20190615121905,002,000,IN
LZFNUIONVVL,BNFVZNNIULLOV,20190615121905,002,000,LZ
LZNRFLIFZURPP,BNFVZNLRNVOOI,20190615121905,002,000,LZ
VVUIUZPRN,BNUUZNZVNULRU,20190615121905,002,000,ION
ZIOOFUVFL,BURVZNNFFLPUU,20190615121905,002,000,ION
VNUNZVPPP,BNUUZNZFUNZNF,20190615121905,002,000,ION
LPOULNNUOVN,BNFVZNNIULOVN,20190615121905,002,000,LP
LLRRFFURRINN,BNFVZNNIUFILR,20190615121904,002,000,LL
ZNPRVIRVU,BURVDUZNZUUZFPOOVIPR,20190615121904,002,000,ION
OONNLRLFPNUU,BNFVZNNIURVLV,20190615121904,002,000,OO
IUUOUZFUO,BURVZVUNUOLOR,20190615121904,002,000,ION
IIIFZRLUIUI,BNFVZNNIUOZIR,20190615121904,002,000,II
IIFZZFFNVVV,BNFVZNNIUOULR,20190615121904,002,000,II
VNNVUFZUP,BURVZNPPFFFFF,20190615121904,002,000,ION
ZNIUROVNL,BNFVZNRPNZLRL,20190615121904,002,000,ION
ZFLUNINRU,BNFVZNZZORZVV,20190615121903,002,000,ION
ZFPPNLIOL,BNFVZNNIUPZIP,20190615121903,002,000,ION
ZNZLFVLOF,BNFVZNRRONPUP,20190615121903,002,000,ION
IUPPURFUZ,BNFVZNOINRNPL,20190615121903,002,000,ION
VNUILIRRO,BNUUDUZNZUUZFLFOFZRL,20190615121903,002,000,ION
VLLZVLOFNVRR,BNFVZNNIULZNL,20190615121903,002,000,VLL
VNUILNUZU,BNUUZNRFPIZIV,20190615121903,002,000,ION
VNUIUPUIO,BNUUZNUURVLZO,20190615121903,002,000,ION
VNUILIRRO,BNUUZNZUIPUNO,20190615121903,002,000,ION
INFPIVIOPIV,BNFVZNRONIZFF,20190615121903,002,000,IN
ILFOZZNPVLI,BNFVZNNIUOUNV,20190615121902,002,000,IL
ZIPPUZZIZ,BNFVZNOUPOPIF,20190615121902,002,000,ION
IOZPZPIVINNR,BNFVZNNIUOZRV,20190615121902,002,000,IOZ
LLRILUNNROUP,BNFVZNNIUZVIO,20190615121902,002,000,LL
ZNIUIVLLN,BNFVZNPUFOUPI,20190615121902,002,000,ION
VNUILIRRO,BNUUZNVZFNVUU,20190615121902,002,000,ION
IUPPUUILZ,BNFVZFOOLZOUZ,20190615121902,002,000,ION
ZFIVPZFIF,BNFVZNNFFLPUU,20190615121901,002,000,ION
ZNLOFZPRZ,BNFVZNNFFLPUU,20190615121901,002,000,ION
VNUILNUZU,BNUUZNIIRPOUL,20190615121901,002,000,ION
VNUILNUZU,BNUUZNOUPNLUL,20190615121901,002,000,ION
RLZFRRLLOFU,BURVZNNIUOFVO,20190615121901,002,000,R
ILFNFFRFPRN,BNFVZNNIURPRI,20190615121901,002,000,IL
IVLROORNNLL,BURVZNNIUFOLI,20190615121900,002,000,IV
VNUIUPUIO,BNUUZNZPVNVVF,20190615121900,002,000,ION
VNUIUPUIO,BNUUZNZRULZPF,20190615121900,002,000,ION
VNUIUPUIO,BNUUZNZFOINVO,20190615121900,002,000,ION
ZNFRNOFFU,BNFVZNPFPNPOF,20190615121900,002,000,ION
ILFPILLFPRZ,BNFVZNOUUIOIU,20190615121859,002,000,IL
VFVNPVPVP,BNUUDUZNZUUZILVLINLU,20190615121859,002,000,ION
LLRLRZROROPP,BNFVZNIOPIRNL,20190615121859,002,000,LL
VNNVULUVU,BNUUZNNONPNUL,20190615121859,002,000,ION
VNUIUPUIO,BNUUZNVLRFONF,20190615121859,002,000,ION
LLIUUUNVUIVO,BNFVZFURIFZUV,20190615121859,002,000,LL
ILFRPFOOIOP,BNFVZNZRPPFIL,20190615121858,002,000,IL
ZNRLVNZOR,BNFVZNFIPZZRF,20190615121858,002,000,ION
LZNRIVFLONUZ,BNFVZNNIURRLL,20190615121858,002,000,LZ
ILIZNUROOOP,BURVDUZNVLOVFILNPNON,20190615121858,002,000,IL
ZNLONNORO,BNFVZNZOPNFOI,20190615121858,002,000,ION
ILFIORLUIZZ,BNFVZNNIUPLOV,20190615121858,002,000,IL
ZNVPZROOF,BNFVZNLZLOOFU,20190615121857,002,000,ION
INFVFIILOLI,BNFVZNZFFFFNU,20190615121857,002,000,IN
ZFZUUNNLL,BNFVZNNPVRLRO,20190615121857,002,000,ION
ZFNIIZPZL,BURVDUZNZUUZFOPOLUZF,20190615121857,002,000,ION
RZUIOLOPOFV,BNFVZIUNVVRIR,20190615121857,002,000,R
IULOUVLRL,BNUUZVUOULLUZ,20190615121857,002,000,ION
IULOULUUO,BNUUZNNPIOPPF,20190615121857,002,000,ION
VLLZVIFOLFRR,BNFVZNNIULIVO,20190615121857,002,000,VLL
ZNZPNLVILFPR,BNFVZVUIOIUZP,20190615121856,002,000,ZN
LZONNLPIFLN,BURVZNFRZLVUR,20190615121856,002,000,LZ
IULOUNFIL,BNUUZNIOVPFUI,20190615121856,002,000,ION
ILFFVLOOLZL,BNFVZNZLLLRZP,20190615121856,002,000,IL
VNUILNUZU,BNUUZNLROVVRZ,20190615121856,002,000,ION
VNUILNUZU,BNUUZNLUIZNLL,20190615121856,002,000,ION
LZNRRROPIPFN,BNFVZNLRPZFZL,20190615121856,002,000,LZ
ZNOLOFPUI,BNFVZNLNNZIUN,20190615121855,002,000,ION
IOPOULLURRFV,BNFVZNNIUPULR,20190615121855,002,000,IOP
ZNFONUNIU,BNFVZNFONUNUN,20190615121855,002,000,ION
NFUIFPZLLNV,BNFVZNNIUZIRR,20190615121855,002,000,NFUI
VNNVULUVU,BNUUZNUIIZZOL,20190615121855,002,000,ION
VNULURFLU,BNFVZNNIULVLZ,20190615121855,002,000,ION
LZNRFIVFIUFIP,BNFVZNNNZNLRO,20190615121854,002,000,LZ
ILFFVZZUZNN,BURVZNNIUZLZF,20190615121854,002,000,IL
ILFIVPORUNI,BNFVZNNIUFVOL,20190615121854,002,000,IL
ZNRLLVNFR,BNFVZNVRRLRVZ,20190615121854,002,000,ION
LLNVFZPLZZVR,BNFVZFURIFFOV,20190615121854,002,000,LL
ZVRVOOUZP,BNFVZNPVFZPZN,20190615121854,002,000,ION
VNNVUFZUP,BNFVZNPPFFFFF,20190615121853,002,000,ION
ZFPIPFOOZ,BNFVZFUZRUROPV,20190615121853,002,000,ION
VNUNZVPRN,BNUUZNZNVLZVR,20190615121853,002,000,ION
VNUNZVPRN,BNUUZNIVPRZUO,20190615121853,002,000,ION
ZNFVIFIFL,BNFVZNNOUUFIR,20190615121853,002,000,ION
IIFUROPLIRV,BNFVZNNIUPPPF,20190615121852,002,000,II
VLLZVIOONNRO,BURVZVUVZIPVU,20190615121852,002,000,VLL
ZNFPNFOON,BNFVZNIRVZPFO,20190615121852,002,000,ION
ZNIPLULRV,BNFVZNVZUOOZP,20190615121852,002,000,ION
IUPPUPRNZ,BNFVZFURNPLLL,20190615121851,002,000,ION
ZNVFOIPUF,BNFVZNNIUFZVI,20190615121851,002,000,ION
VPVUPRNIR,BNUUDUZNVFVVLNPLLIVV,20190615121851,002,000,ION
IOIPFPNUUPZU,BNFVZNUVLZVVV,20190615121851,002,000,IOI
VNNVULUVU,BNUUZNUONUIOZ,20190615121851,002,000,ION
ILFOVPLLZPU,BURVZVULRFPPL,20190615121851,002,000,IL
ZNFLZUFNR,BNFVZNINOFIZR,20190615121850,002,000,ION
ZNRVVONIV,BNFVZNRFINRNP,20190615121850,002,000,ION
IULOUNZNN,BNUUZNUPINVUZ,20190615121850,002,000,ION
ZNFVNNVRP,BNFVZNZLUIFVF,20190615121849,002,000,ION
LOFUZUZNUZ,BNFVZNOFOZPIV,20190615121849,002,000,LO
ZFPZLOVFZ,BNFVFUZNFFUVZUU,20190615121849,002,000,ION
ZNRILNNFPNPI,BNFVZVUVNLZRN,20190615121849,002,000,ZN
ZFOIORROL,BNFVZFOVRIVVO,20190615121849,002,000,ION
LLNROVIPRUUU,BNFVZFURNPZZN,20190615121849,002,000,LL
IINRZVLUOPV,BNFVZNIRFLLRO,20190615121849,002,000,II
ZNORIIIVF,BNFVZNNUROROU,20190615121849,002,000,ION
IIFUOVFIUNV,BNFVZNPRVPFUF,20190615121848,002,000,II
LZLUFZFIPZVF,BNFVZNNIUONII,20190615121848,002,000,LZ
IIFVFORRLRZ,BNFVZNLIUNPLO,20190615121848,002,000,II
VNNVUFZUP,BNFVZNLFFIIFR,20190615121848,002,000,ION
IULOUIION,BNUUDUZNZUUZFFFIRLUO,20190615121848,002,000,ION
ZNVFVFFPO,BNFVZNLVVURRL,20190615121848,002,000,ION
LLRPUPNZIFFR,BNFVZFURIFUII,20190615121847,002,000,LL
ZNUFFVRZU,BNFVZNNUNRUNI,20190615121847,002,000,ION
ZNFLFRVVI,BURVDUZNZUUZIILFPPZO,20190615121847,002,000,ION
OONNZZNRPOVON,BNFVZFVZNNVVV,20190615121847,002,000,OO
ZNVPNLIPZ,BNFVZNUPOLZNR,20190615121846,002,000,ION
ZNLUNPVLN,BNFVZFIFZLNUR,20190615121846,002,000,ION
ZNILZUUUU,BNFVZNOIPIOFO,20190615121846,002,000,ION
ILFFRZVZVZZ,BNFVZNZFVOFVO,20190615121846,002,000,IL
VVUIUZPRN,BNUUZNRINUOON,20190615121846,002,000,ION
LLNVNFLROOII,BNFVZNNIULZRZ,20190615121845,002,000,LL
VVNRUPROIFOR,BURVZVUURLPFU,20190615121845,002,000,VVN
LZNOVONORVZLP,BNFVZNRUFZUZU,20190615121845,002,000,LZ
LZFPOVFPZP,BNFVZNFRZLVUR,20190615121845,002,000,LZ
ILZNIRULOLP,BNFVZNVFNORFF,20190615121845,002,000,IL
ILFFUIZLORU,BNFVZNUZVFNLI,20190615121845,002,000,IL
ZNZVFZVOL,BNFVZNNIUFZRR,20190615121844,002,000,ION
IIFUZVFZVPZ,BNFVZNNIUOZVZ,20190615121844,002,000,II
VLUVVVRPLNVF,BURVZVUOLZOIU,20190615121844,002,000,VLU
ZNFVPUNIZ,BNFVZNVZNUNFF,20190615121844,002,000,ION
LNRZVVLZFIZ,BURVZNUVIPIVP,20190615121844,002,000,LN
ZNZVIVPPO,BNFVZNIPUULZI,20190615121844,002,000,ION
VNNVUFZUP,BNFVZNILOOVUV,20190615121843,002,000,ION
LZNOVVVZRLUVU,BNFVZNNIUOVIV,20190615121843,002,000,LZ
ZNUURRPNI,BURVZNVNVRFIL,20190615121843,002,000,ION
IPOZOPUFZVLO,BURVDUZNVFVVNPONVFUF,20190615121843,002,000,IPO
ZUOIRRVZNUVU,BNFVZNNIULVZP,20190615121842,002,000,ZU
ZRVRZORVZLLU,BURVZNLONLLOZ,20190615121842,002,000,ZRV
VOFNZLNZU,BNUUZNZUOPUIZ,20190615121842,002,000,ION
ILFRRNFZUZU,BNFVZNNIUPRIZ,20190615121842,002,000,IL
IULOUVUNU,BNUUZVUUOIRNL,20190615121842,002,000,ION
ILZINRIPFNR,BNFVZNNIURFLU,20190615121842,002,000,IL
IIRPIZVRVOU,BNFVZNNIUZPNN,20190615121841,002,000,II
ZNZOIROPV,BNFVZNVLULLPL,20190615121841,002,000,ION
IIFVPRONPIR,BNFVZNLUPLINZ,20190615121841,002,000,II
ZNFFZPZVR,BNFVZNFLFFUFU,20190615121841,002,000,ION
VNNVUFZUP,BNUUZNILLORNR,20190615121841,002,000,ION
ZNPOFFRUV,BNFVZNRPUNRLU,20190615121840,002,000,ION
IZULUZIRUUNV,BNFVZNNIUPOZV,20190615121840,002,000,IZ
IIFNONIOZZL,BNFVZNVONPFZF,20190615121840,002,000,II
ZNRONONRN,BNFVZNFZILNZZ,20190615121840,002,000,ION
LURIFLILPUN,BNFVZNNIUZLFZ,20190615121839,002,000,LU
VOFIPORPO,BNUUZNOOUPFLF,20190615121839,002,000,ION
ZNPULZLFF,BURVDUZNZUUZFIUPIVRZ,20190615121839,002,000,ION
ZNFLZRPFL,BURVZNLORULNL,20190615121839,002,000,ION
IUPPUUILZ,BURVZNZIRNLOV,20190615121839,002,000,ION
IZILUZUROLIN,BNFVZNNIUPNIV,20190615121838,002,000,IZ
LNRFIIUOOPO,BURVZNORVRULU,20190615121838,002,000,LN
ILFZZRLVNLR,BNFVZFUPNFUPF,20190615121838,002,000,IL
LLRPOUOFIZIL,BNFVZFURIORNR,20190615121837,002,000,LL
LLRZVIIIRPZU,BNFVZNNIUFFPP,20190615121837,002,000,LL
IIFOZZLUROU,BNFVZNLUUOFPU,20190615121837,002,000,II
ZNFRRLLRR,BNFVZNFUPULUR,20190615121837,002,000,ION
INVUPZUZUZN,BNFVZNNIUFUIR,20190615121837,002,000,IN
VNULILLRZ,BNUUZNZRZPVNI,20190615121837,002,000,ION
ZNOZOVPIV,BURVZNRZFNIZZ,20190615121836,002,000,ION
LZNRROFURZRP,BURVZNFNPPUIN,20190615121836,002,000,LZ
ZVFFNVVNP,BNFVZFZNIOPFZ,20190615121836,002,000,ION
VNLRZFNPV,BNUUDUZNVLOVNROPRFNPU,20190615121836,002,000,ION
IIROPOZFIFR,BURVZNNIUZFVL,20190615121836,002,000,II
IIFNPZFLLVP,BNFVZNNIUZVNR,20190615121835,002,000,II
LFRIOINUFLZ,BNFVZFURIOOLL,20190615121835,002,000,LF
IIFUNVVFIVZ,BNFVZNNRIRVPO,20190615121835,002,000,II
ZNUUINOFN,BNFVZNOFPPIIO,20190615121835,002,000,ION
LLRRFLZZPPRL,BNFVZFURNPNIN,20190615121835,002,000,LL
VNUILNUZU,BNUUZNOIIVVPI,20190615121835,002,000,ION
ILFLZVFRVNR,BNFVZFUPIIRRU,20190615121835,002,000,IL
ZVFVPNULO,BNFVZNNFFLPUU,20190615121834,002,000,ION
ZFRZLZRIU,BURVDUZNZUUZFVUVZONZ,20190615121834,002,000,ION
IZIVPPNVILZP,BNFVZNNIURPVL,20190615121834,002,000,IZ
ZNIURVPNP,BNFVZNFNPFPNF,20190615121834,002,000,ION
ILFLVFZOIZR,BNFVZNVNFOUNV,20190615121834,002,000,IL
ZRRZPLPULUFUP,BURVZVUIIFZRF,20190615121834,002,000,ZRR
ZNRUPPLZP,BURVDUZNZUUZFFRPRULL,20190615121834,002,000,ION
IFRULIFFRNI,BNFVZNNIUPRRL,20190615121833,002,000,IF
VFZUPFZIN,BNUUDUZNPUUPUUNUNUII,20190615121833,002,000,ION
VNUIIZZUO,BNUUZNFINLUVP,20190615121833,002,000,ION
VNULNIORP,BNUUDUZNVLOVFNPNORRO,20190615121833,002,000,ION
ZIVOVZIUN,BURVDUZNZUUZIOFZRUUV,20190615121833,002,000,ION
ZNZVLOLVN,BNFVZNLURVOIL,20190615121832,002,000,ION
ZNFUFUFOR,BNFVZNZUFFINL,20190615121832,002,000,ION
LZPPUILZZPOFF,BNFVZNNRRLVLOV,20190615121832,002,000,LZ
VNUILNUZU,BNUUZNPIRFLPI,20190615121832,002,000,ION
IZIVRROPVNNO,BNFVZNZOVLVZU,20190615121831,002,000,IZ
VOIFUZIOU,BURVDUZNZUUZFUNFZPPN,20190615121831,002,000,ION
IULOUIFII,BNUUZNUPVFUZL,20190615121831,002,000,ION
LLRPFUIPRLNO,BNFVZNNIURZVP,20190615121831,002,000,LL
LNRZZFVVNVU,BURVZNNIULRNZ,20190615121831,002,000,LN
IOVFZNPLUFLN,BURVZNPLIUZZF,20190615121831,002,000,IOV
ZNVVLIZFF,BNFVZNOUVPVFO,20190615121830,002,000,ION
ZNUIIFUOU,BNFVZNFRLZVUI,20190615121830,002,000,ION
ZNUUUVNPZ,BNFVZNNFFLPUU,20190615121830,002,000,ION
ILFRUFZPZFU,BNFVZNZINZLPF,20190615121830,002,000,IL
INFIPVZRILF,BNFVZNNIUZVON,20190615121829,002,000,IN
LLRRLOLPRLIO,BNFVZNNZVZFFN,20190615121829,002,000,LL
VNNVUFZUP,BNUUZNRZNLUOZ,20190615121829,002,000,ION
ZNIPIINFI,BNFVZNUUOVZVI,20190615121829,002,000,ION
ZFRUZLNPV,BNFVZFVRNPLVO,20190615121829,002,000,ION
IZIIPLNIPOPL,BNFVZNPLINLNL,20190615121829,002,000,IZ
ZNPILVPIU,BNFVZNFOZUVZN,20190615121829,002,000,ION
LNRZLINLFVO,BURVZNIULVIFF,20190615121828,002,000,LN
IZILZOZVPNZO,BNFVZNNIUPFRZ,20190615121828,002,000,IZ
ZVUOUIFIU,BNFVZNNIUFLFF,20190615121828,002,000,ION
NPLRPNVINNO,BNFVZNNIUPVPO,20190615121828,002,000,NPLR
ZNFZFIVRU,BURVZNOZVRLPR,20190615121828,002,000,ION
ZNNZUUPPU,BNFVZNLFOFNUV,20190615121827,002,000,ION
ZVFPVRUIZ,BURVZNLFIILFI,20190615121827,002,000,ION
IUPPUPRNZ,BNFVZFIZLPUFF,20190615121827,002,000,ION
ZFVPZVZRL,BURVDUZNZUUZFPVNNVVI,20190615121827,002,000,ION
LNRZIZNIPLR,BURVZNNIURFNL,20190615121826,002,000,LN
IOVFVNOPILRZ,BNFVZNURPLFLU,20190615121826,002,000,IOV
VNUNZVPPP,BNUUZNZOPNVNP,20190615121826,002,000,ION
ZNIVNNZNU,BNFVZNZOOLFFL,20190615121826,002,000,ION
ILFIPZIUVIN,BNFVZNRPIILUZ,20190615121826,002,000,IL
ZRRZPFUNNZPNZ,BURVZVUIFZUIN,20190615121825,002,000,ZRR
ZNFNOLIFR,BNFVZNPVVUIPV,20190615121825,002,000,ION
NFLRFPPRPNV,BURVZNPRNNUII,20190615121825,002,000,NFLR
IRIVIULUVRI,BURVZNNIUZVIZ,20190615121825,002,000,IRI
ZNFRFNIIP,BURVZNLVFUORI,20190615121825,002,000,ION
ZNRVOVPIZ,BNFVZNIFUZOZP,20190615121824,002,000,ION
ZNVVOPZOL,BNFVZNURFNFVV,20190615121824,002,000,ION
LZNRRROPIPFN,BNFVZNFPVFOIZ,20190615121824,002,000,LZ
ZNINOIFPP,BNFVZNNIUZOLP,20190615121824,002,000,ION
NVUVLOOPPPP,BNFVZNZPIVNVN,20190615121824,002,000,NVUV
ZIOIOZFIZ,BNFVZNFIFIPIF,20190615121823,002,000,ION
IZIVPNUFOINP,BNFVZNNIUFILN,20190615121823,002,000,IZ
IIRFUFOLUPR,BNFVFUZNORNFO,20190615121823,002,000,II
NFLRLUIVIZO,BNFVZFPOVLFRZ,20190615121823,002,000,NFLR
ILFIIUINVOP,BNFVZNNIUPNVN,20190615121822,002,000,IL
VLLZVFUPLVIU,BNFVZNNIUROVR,20190615121822,002,000,VLL
ZNIOLVONR,BURVZNIOLVONP,20190615121822,002,000,ION
ZIFVFFOPR,BNFVZFFLFVNZL,20190615121822,002,000,ION
IVLZFZNZZZF,BNFVZNLNPRONF,20190615121821,002,000,IV
LURLNIFVROV,BNFVZNOVLOVVN,20190615121821,002,000,LU
ZNFFLVINF,BNFVZNOFIOZNP,20190615121821,002,000,ION
ILFNZVFLPUV,BNFVZNNIUZRIF,20190615121821,002,000,IL
OOVNZZZPLNORU,BNFVZFLNIUVPV,20190615121821,002,000,OO
ZILVPPPUO,BNFVZNLUUZIRL,20190615121821,002,000,ION
VNNVULUVU,BNUUZNUPOFOUN,20190615121821,002,000,ION
IVLZOORURRP,BURVZNLZUUUOP,20190615121820,002,000,IV
ZNUUOZOPV,BNFVZNFUVRNUF,20190615121820,002,000,ION
LLNVFZPLZZVR,BNFVZFUZNIUZV,20190615121820,002,000,LL
VILVPLOPL,BNUUZNLFLFVVI,20190615121820,002,000,ION
ZFRNVPZVV,BNFVZNFVZPLPO,20190615121820,002,000,ION
IIFVVPRPVVI,BNFVZNLFPLVOU,20190615121820,002,000,II
NVUVLOOPPPP,BNFVZNVZOZORN,20190615121820,002,000,NVUV
ZNPNRNVZR,BNFVZNNZVRPRP,20190615121819,002,000,ION
LPRZUZVIIOV,BNFVZNZLIRIIU,20190615121819,002,000,LP
IUPPUUILZ,BURVZNNNIVOOF,20190615121818,002,000,ION
ZFFFFNZUU,BNFVZNZVOLLZL,20190615121818,002,000,ION
ZVONINUOV,BNFVZFFOZVNRO,20190615121818,002,000,ION
ZFIOLFIFZ,BNFVZNNIUOVLI,20190615121818,002,000,ION
LLROPFIRNIRU,BNFVZFUFNOILU,20190615121818,002,000,LL
IPUOUIZVVOIR,BURVZNNIUPPOL,20190615121818,002,000,IPU
OORNIFLVNLUU,BNFVZNNIULNOU,20190615121818,002,000,OO
IVLRFPZVIRN,BURVZNNIUPOZR,20190615121817,002,000,IV
ZNURZVUZL,BNFVZFRIFOLIN,20190615121817,002,000,ION
ILFUNVNZFOR,BNFVZNNIURLFU,20190615121817,002,000,IL
LFRUZFFFLOL,BNFVZFURILLIZ,20190615121817,002,000,LF
LZNOVONORVZLP,BNFVZNRUFZUZU,20190615121816,002,000,LZ
OONNZLUUOLRRO,BNFVZNNIULFZI,20190615121816,002,000,OO
IUPPULIZN,BNFVZVFLUIPZO,20190615121816,002,000,ION
ZNOONFVVF,BNFVZNNFFLPUU,20190615121816,002,000,ION
NFOUPFNVZFR,BNFVZNNIULOIR,20190615121816,002,000,NFOU
IIFLLFZNILN,BNFVZNLNNULLF,20190615121815,002,000,II
ZNILFOPIO,BNFVZNZUNRPNZ,20190615121815,002,000,ION
ZNUUUOIOO,BNFVZNNFFLPUU,20190615121815,002,000,ION
LZNOVINZOUZNF,BNFVZVONLIONZ,20190615121815,002,000,LZ
IIRPNUVFFPI,BURVZNZFVPPZP,20190615121815,002,000,II
IOVFZNPLUFLN,BURVZNPLIUZZF,20190615121815,002,000,IOV
ZNFIVRUFU,BNFVZNNIULLPO,20190615121814,002,000,ION
LURVURRIIZL,BURVZNFNIINOZ,20190615121814,002,000,LU
ZNZPFFIOO,BNFVZNLIUORVO,20190615121814,002,000,ION
ZFOVVZNRZ,BNFVZFZFRUONF,20190615121814,002,000,ION
ZNPIFUNFZ,BNFVZNOVZZIZU,20190615121814,002,000,ION
ILRVVVNZLUN,BNFVZVFPOPPVI,20190615121813,002,000,IL
INFVLFONUFZ,BNFVZNNIURPVU,20190615121813,002,000,IN
LLRPVOVVUIUI,BNFVZNNIUZOZF,20190615121813,002,000,LL
VLLZNFFOIUIF,BNFVZNNIUZPRP,20190615121813,002,000,VLL
VVUIUZPRN,BNUUDUZNZUUZIFFNIURO,20190615121813,002,000,ION
ILFRLRURZZU,BNFVZNNIURZZF,20190615121812,002,000,IL
ILFLZPVRLOF,BNFVZNLOIVVZZ,20190615121812,002,000,IL
ILFILLVFURR,BNFVZFVIVLOPL,20190615121812,002,000,IL
ZNZNVLVIZ,BNFVZNZIVNZIL,20190615121812,002,000,ION
IZILRNVNIFZF,BNFVZNNIULUOF,20190615121812,002,000,IZ
ZNPNFUZZU,BNFVZNNFFLPUU,20190615121812,002,000,ION
ZNILUPIFO,BNFVZNFIFRILU,20190615121811,002,000,ION
LLVUFRPNRUVV,BNFVZNRFNVFRI,20190615121811,002,000,LL
LVURIZIOFILP,BNFVZNNIUPRFI,20190615121811,002,000,LVU
VNIUVOLPU,BNUUZNROLVNPO,20190615121811,002,000,ION
IIFVRILOURO,BNFVZNFLVPNFI,20190615121811,002,000,II
IIFINLIPOOZ,BNFVZNNIURLUR,20190615121811,002,000,II
IOVFZNVLNUNF,BNFVZNPOLLNVP,20190615121810,002,000,IOV
ZNVVULPRR,BNFVZNIURLPFF,20190615121810,002,000,ION
ZNVFNPZOR,BNFVZNPFPFLOP,20190615121810,002,000,ION
IIFFOUOVLUL,BNFVZNNIUFIVP,20190615121810,002,000,II
IOFRRZOVFVI,BURVZNNIUORPO,20190615121810,002,000,IOF
ZNPNFFPZR,BURVDUZNZUUZIFZINOLZ,20190615121810,002,000,ION
ZNUOUVPUN,BNFVZNZRZVFVI,20190615121810,002,000,ION
ZVUNVZLUU,BNFVZNNOUPNVV,20190615121809,002,000,ION
LZNORRVIOURIU,BNFVZNLLNOZIP,20190615121809,002,000,LZ
LLRRNNURRROU,BNFVZNNIURIRO,20190615121809,002,000,LL
ZFPLOVNRL,BNFVZNZNLNPNF,20190615121809,002,000,ION
LLRPINOUVFPF,BNFVZNLRLPVRU,20190615121809,002,000,LL
ILFZZIRURLP,BNFVZFUZNZIZF,20190615121808,002,000,IL
IIFVNPRZILO,BNFVFUZNZOFRULL,20190615121808,002,000,II
IOVFZNFIRIUZ,BURVZNPVVVIPV,20190615121808,002,000,IOV
VNNVUFZUP,BURVDUZNVLOVVZLVNVVL,20190615121808,002,000,ION
IULOUIPNL,BNUUZVUNULOZR,20190615121808,002,000,ION
IIRPIZIRFZI,BNFVZNZVINLFO,20190615121807,002,000,II
LPRVPLUIPPV,BNFVZVUONURNU,20190615121807,002,000,LP
ZFPUILZRR,BNFVZNNIUPLFN,20190615121807,002,000,ION
VNUIIULUF,BNUUDUZNVLOVNIZUZPVF,20190615121807,002,000,ION
VOPPRNPFFOOV,BNFVZFPPLZPOU,20190615121807,002,000,VOP
IULOUIOPU,BNUUDUZNZUUZFFVLNIPZ,20190615121807,002,000,ION
ZNNZPUPLR,BNFVZNFRUFROR,20190615121807,002,000,ION
VRNRNNVLU,BURVDUZNVLOVNROPIVVR,20190615121806,002,000,ION
ZNLPLRVNU,BNFVZNOORINOP,20190615121806,002,000,ION
VNNLONOZV,BNFVZNPVRILLR,20190615121806,002,000,ION
ILFUIVLOZLZ,BNFVZNNPUIVNO,20190615121806,002,000,IL
INNUVUUVIRP,BNFVZNNIUOVOO,20190615121806,002,000,IN
IZILRNPVZFFP,BNFVZNNIUZVOI,20190615121806,002,000,IZ
IOVFZNVPIVLL,BURVZNPOZVZIL,20190615121806,002,000,IOV
LLRZLLURZLLR,BNFVZNNIUFILP,20190615121806,002,000,LL
VNNVUFZUP,BURVDUZNVLFVVZLLOIZU,20190615121805,002,000,ION
ILFFLNUZLRL,BNFVZNNIUONRL,20190615121805,002,000,IL
VLLZVLZZVOON,BURVZVULFULZU,20190615121805,002,000,VLL
IIFOZNVFZFV,BNFVZNNIUOPNZ,20190615121805,002,000,II
ZFOLURZRV,BNFVZFVUURNZO,20190615121805,002,000,ION
ZFOLUFOUZ,BNFVFUZNZUFLOLV,20190615121804,002,000,ION
NFLRVZIPNRF,BURVZVUVRVPVI,20190615121804,002,000,NFLR
ZNUNLLFNF,BNFVZNUNLLFVF,20190615121804,002,000,ION
LLRZPOOVNVON,BNFVZNNIURIZO,20190615121804,002,000,LL
IVNNIURFFR,BURVDUZNZUUZFFUVUVUZ,20190615121804,002,000,IV
VNUILNUZU,BNUUZNPLFFLNF,20190615121804,002,000,ION
ZNPFZPIFZ,BNFVZNLUVFZUL,20190615121804,002,000,ION
ZNFRVFIUI,BNFVZNNFFLPUU,20190615121803,002,000,ION
ZFVLOVRPU,BNFVZNNFFLPUU,20190615121803,002,000,ION
ZVFFLPNIV,BNFVZFUZRUFNNU,20190615121803,002,000,ION
VNUILNUZU,BNUUZNPRNLRZI,20190615121803,002,000,ION
LNRPZNZNNUP,BURVZNNIUFURO,20190615121803,002,000,LN
IOVFVNOPILRZ,BNFVZNURPLFLU,20190615121802,002,000,IOV
VIVNUPOPO,BNUUVIVUZPVFO,20190615121802,002,000,ION
VNNZIZZUU,BNFVZNNIUFOPP,20190615121802,002,000,ION
LLRPNUOZNION,BNFVZFURIIOLN,20190615121802,002,000,LL
ZUOIVINNLFUF,BNFVZNNIUONIL,20190615121801,002,000,ZU
IUFZIRIVINVR,BNFVZNNIURNVF,20190615121801,002,000,IU
ZIPVZUOLI,BNFVZNUZVLZZZ,20190615121801,002,000,ION
IULOUVFZV,BNUUZVUVFNOZV,20190615121801,002,000,ION
NFLRPPZPUUL,BNFVZNNIURUON,20190615121801,002,000,NFLR
ZNIPUVVRI,BNFVZNUUIOROZ,20190615121801,002,000,ION
ZFVLOVRPU,BNFVZNNFFLPUU,20190615121800,002,000,ION
ZFPPVVLNL,BNFVZNNFFLPUU,20190615121800,002,000,ION
INFVUNZRVUL,BNFVZNNIUPPPN,20190615121800,002,000,IN
VLLPNRUNL,BNUUDUZNVLOVLLOUIUFZ,20190615121800,002,000,ION
VNNVUFZUP,BURVDUZNVLOVVFNPNNUU,20190615121759,002,000,ION
ZFPVVPFON,BNFVZNRUFULRZ,20190615121759,002,000,ION
LLNVLNILUUIO,BNFVZNULPPRFI,20190615121759,002,000,LL
VNNLONOZV,BNFVZNVZRLFLF,20190615121759,002,000,ION
ZNZIFRLFI,BNFVZNPVLFVNV,20190615121759,002,000,ION
LLRLOFVNIPIN,BNFVZNRILOOUZ,20190615121759,002,000,LL
ZNFVOFUOV,BNFVZNNFFLPUU,20190615121758,002,000,ION
IORZZNFURNP,BNFVZNZVIZVNI,20190615121758,002,000,IOR
VNVFILIOOONP,BNFVZNORLLLZL,20190615121758,002,000,VNV
ILFFRRZVFUF,BNFVZNUOVVPRZ,20190615121758,002,000,IL
ZNLVUFLRN,BNFVZFINPVVLN,20190615121758,002,000,ION
ILFIUZPPUOL,BNFVZNNIUFVVI,20190615121758,002,000,IL
ZNRPNRUNU,BNFVZNILLFFII,20190615121757,002,000,ION
ZNIZZPVVZ,BNFVZNRONZIUV,20190615121757,002,000,ION
ZNUVFNRNV,BURVZNOVVNOFF,20190615121757,002,000,ION
IIFUOPOFZZF,BNFVZNUUZRULO,20190615121757,002,000,II
IUPPUPFRP,BNFVZVUOFOIOI,20190615121757,002,000,ION
ZNIVRUIRI,BNFVZNRIUNNUF,20190615121756,002,000,ION
ZNUUZOLLU,BNFVZNILRIIII,20190615121756,002,000,ION
IIROVVUNROO,BNFVZNLLZILLN,20190615121756,002,000,II
LINVNFVIRIU,BNFVZNZUULFUU,20190615121756,002,000,LI
IZIIPFUPUPUN,BNFVZNPFFNVNN,20190615121756,002,000,IZ
ZNIUOZLLU,BNFVZNFZUVNZF,20190615121755,002,000,ION
ZNZIORORZ,BNFVZFIFUZUOR,20190615121755,002,000,ION
ILFRIPNPOZP,BNFVZNNIUZRLP,20190615121755,002,000,IL
ZNLLUUPOR,BNFVZFFRFFUUI,20190615121755,002,000,ION
LLRPFPNLOIOZ,BNFVZFURNORPZ,20190615121755,002,000,LL
VIZVLUUUU,BNUUZNZNIIVIR,20190615121755,002,000,ION
LLRRPRUFPRNZ,BNFVZNNIUZNNR,20190615121755,002,000,LL
VNNVUFZUP,BNFVZNRFOPZOZ,20190615121754,002,000,ION
ZFONLUVOZ,BNFVZFUZRUUIIL,20190615121754,002,000,ION
ZNLRFIONV,BNFVZNNFFLPUU,20190615121754,002,000,ION
VNNVUFZUP,BURVDUZNVFVVOIVPNIOV,20190615121754,002,000,ION
LLRONZNPNOFP,BNFVZFUZNPFVP,20190615121754,002,000,LL
VNULNIORP,BNUUDUZNVLOVNPLZVIVR,20190615121754,002,000,ION
ZNLFFZFVV,BNFVZNPFVVPZL,20190615121754,002,000,ION
VNNZIZZUU,BNFVZNNIUZOZU,20190615121753,002,000,ION
VNVFFNOVZVNF,BNFVZNIZNIPNP,20190615121753,002,000,VNV
IPUFFZNIROVI,BURVZNNIURZZL,20190615121753,002,000,IPU
INFIILNNPLZ,BNFVZNNIURRNF,20190615121752,002,000,IN
IIRRRRIIIUI,BNFVZNIPRRLRR,20190615121752,002,000,II
INFNNOFZROP,BNFVZNNIUZLZO,20190615121752,002,000,IN
IIRPNLZIIRV,BNFVZNPNOILZZ,20190615121752,002,000,II
ZFZNLUINR,BNFVZNNIUZVPN,20190615121752,002,000,ION
IOFRRZOVFVI,BURVZNNIUORFI,20190615121752,002,000,IOF
LLRRRLPIRNLF,BNFVZNNIUFRFI,20190615121752,002,000,LL
ZNVIVFPRU,BNFVZFNNNIPZF,20190615121751,002,000,ION
ZNVRRIRPF,BNFVZNNFFLPUU,20190615121751,002,000,ION
ZIZIVIOVV,BNFVZNZNFLPNU,20190615121751,002,000,ION
VNUILNUZU,BNUUZNLUPNUOU,20190615121751,002,000,ION
ZRRZPUFNFZOUO,BNUUZVUNLZLRZ,20190615121751,002,000,ZRR
ZNZVURZNL,BNFVZNLZFRNLU,20190615121750,002,000,ION
ILFFRIINLRL,BNFVZFUZNPLNU,20190615121750,002,000,IL
ZNFOPOUNO,BNFVZNNOLRUPZ,20190615121750,002,000,ION
IUPPURFUZ,BNFVZFVLNNNNU,20190615121750,002,000,ION
LLRRVZPIZFZL,BNFVZNNIURFNR,20190615121750,002,000,LL
OOPOZZFOLUNFF,BURVZNZZNPOON,20190615121749,002,000,OO
IOZPRZONVINO,BNFVZNNIUFRZP,20190615121749,002,000,IOZ
INFVLINZFUF,BNFVZNFLUPVNO,20190615121749,002,000,IN
IIFVLZVIUVL,BNFVZNURUFIVU,20190615121749,002,000,II
INFONOZUFLO,BNFVZNNIUPOVV,20190615121749,002,000,IN
ZIZPZRPFZ,BNFVZNRNNRNLF,20190615121748,002,000,ION
IUPPUUILZ,BURVDUZNZUUZFIOZNNRV,20190615121748,002,000,ION
IUPPUOLNF,BNFVZNIPILURI,20190615121748,002,000,ION
ZNZZLZPNV,BNFVZNNFFLPUU,20190615121748,002,000,ION
VNUIIZZUO,BNUUZNRRVFNZL,20190615121748,002,000,ION
IUPPUPRNZ,BNFVZNVOZPPNP,20190615121748,002,000,ION
IVLZILIPIZO,BURVZNNIUFPFF,20190615121748,002,000,IV
IFVUFFVOILL,BNFVZNNIUOUZO,20190615121747,002,000,IF
OIONVRLO,BNFVZFFOIZVFL,20190615121747,002,000,ION
VNULNIORP,BNUUDUZNVLOVNRZRFZZL,20190615121747,002,000,ION
VNULNIORP,BNUUDUZNVLOVNPLPZPPN,20190615121747,002,000,ION
IULOUVLRL,BNUUZVULZIZFL,20190615121747,002,000,ION
