ZNFOIFVZO,BNFVZNILRZIVZ,20190605235957,002,000,ION
IIRPPFVOVOZ,BNFVZNNZZZUIZ,20190605174750,002,000,II
IOVFVNRNLOOR,BNFVZNOIUOZOL,20190605174749,002,000,IOV
LVURIRZRZPRO,BNFVZNNIUPINR,20190605174749,002,000,LVU
NPUUFLZLFIR,BNFVZNNIUZZZV,20190605174749,002,000,NPUU
VLLPNRUUU,BNUUZNFFONZLN,20190605174749,002,000,ION
ZFFLILFLF,BURVDUZNZUUZFLIZOOVP,20190605174748,002,000,ION
ZNNULFIRU,BNFVZNNIUPNPF,20190605174748,002,000,ION
ZVZUFFZIL,BNFVZFRILZNZL,20190605174748,002,000,ION
LVUFUNVVRVUV,BNFVZFUZNFZUR,20190605174747,002,000,LVU
ILFLRZUOZRP,BNFVZNRPRLPOZ,20190605174747,002,000,IL
VOVUZUFUU,BNUUDUZNVFVVVIRUUUOL,20190605174747,002,000,ION
ZNIPOZFPF,BNFVZNRZUNINL,20190605174747,002,000,ION
ZFIFVIPRO,BNFVZNNIUZFIO,20190605174746,002,000,ION
IIFPNZNIFOP,BNFVZNZPOOIFN,20190605174746,002,000,II
LLRRNOZIVVLR,BNFVZNNIUZUII,20190605174746,002,000,LL
ZFRUUUNUI,BNFVZFILUOFOL,20190605174746,002,000,ION
ZNLZFRRRO,BNFVZFFLNIPVI,20190605174745,002,000,ION
ILFNPOZNUUF,BNFVZNOVIOUNZ,20190605174745,002,000,IL
VVUNUUZIV,BNUUZNIVVVUZO,20190605174745,002,000,ION
VIILUVUUU,BNUUZNVVFOOZV,20190605174744,002,000,ION
LLRZLLOILPUO,BNFVZNNIUFUIF,20190605174744,002,000,LL
ILFONIZFURN,BNFVZFVLUNFRF,20190605174743,002,000,IL
IFILIRLURI,BNFVZFFNZPZIF,20190605174743,002,000,IF
VNINRILRN,BNUUZVUVNUFVP,20190605174743,002,000,ION
IVLZNOZRRPP,BNFVZNLVIZPIV,20190605174742,002,000,IV
VNNLOLUUU,BNUUZNFNIFIII,20190605174742,002,000,ION
VNUILNNFZ,BNUUZNOVFFROP,20190605174742,002,000,ION
ZNRVNUOPN,BNFVZNZNRONNP,20190605174742,002,000,ION
NFVFLVLFIFN,BNFVZNNIUFPNO,20190605174741,002,000,NFVF
ILFPILLZUPN,BNFVZNNIUPUVF,20190605174741,002,000,IL
NFIFZLZPIOI,BNFVZNNIUZORV,20190605174741,002,000,NFIF
ZNZIVFFOU,BNFVZFFIPURNV,20190605174740,002,000,ION
VNUIUPVRN,BNUUZNRNFZOUF,20190605174740,002,000,ION
IINLPIOIIUV,BNFVZNNIURPPO,20190605174739,002,000,II
IIFNVZIVPFN,BNFVZIUNNNLRO,20190605174739,002,000,II
ZNPPNORPP,BNFVZNIOVOULO,20190605174739,002,000,ION
IZILRFPPIIVF,BNFVZIUNNNVNN,20190605174738,002,000,IZ
IUUIUNFUN,BNUUDUZNVLOVNPONRNZZ,20190605174738,002,000,ION
ILFFOOONIVV,BNFVZNUPORORL,20190605174737,002,000,IL
IUPPUNONF,BNFVZFOOLRPIZ,20190605174737,002,000,ION
LURORVUZNRL,BURVZNPRFZPRP,20190605174737,002,000,LU
ZFINIOURN,BNFVZFUZRURPPV,20190605174737,002,000,ION
ILFNFLOORNU,BNFVZNOZZOPLR,20190605174736,002,000,IL
IZIVZPNPUOPN,BNFVZVUIRUOPZ,20190605174736,002,000,IZ
LNRROIRIRPP,BURVZNURUUNUV,20190605174736,002,000,LN
ZNFUNRFRI,BNFVZNPPFZVRI,20190605174735,002,000,ION
IIFPRVLRPIR,BNFVZNUNUZNZP,20190605174735,002,000,II
VNUIINUZI,BNUUZNRNLNFUO,20190605174735,002,000,ION
ZNUVZONNV,BNFVZFNPRLVZP,20190605174734,002,000,ION
NFIFZLZPIOI,BNFVZNNIUPFRU,20190605174734,002,000,NFIF
LLRZNPNVUUOO,BURVZNUOVFFLN,20190605174734,002,000,LL
VNNLONOFI,BNUUZNUUFUPVO,20190605174733,002,000,ION
LLRRRUZVPPNZ,BNFVZFUPNFVII,20190605174733,002,000,LL
ZNRZPVRFV,BNFVZNUNFFZOR,20190605174733,002,000,ION
VNNVNNRFI,BURVDUZNVFVVNPLIPOPU,20190605174733,002,000,ION
ZIPFOUUOF,BNFVZNVRPRFNN,20190605174732,002,000,ION
VNIOPROUU,BNUUDUZNVLOVNINIRFUU,20190605174732,002,000,ION
ILFRROPFOUO,BNFVZNNIULURP,20190605174732,002,000,IL
IRUFRNNFNFN,BNFVZNNIUFVNI,20190605174731,002,000,IRU
VNUNZVPUN,BNUUZNIUUOUZR,20190605174731,002,000,ION
VVUIUZPRU,BNUUZNLONFIPI,20190605174731,002,000,ION
ZNUVLRVNU,BNFVZNUVIUVIL,20190605174731,002,000,ION
VVFNFRVVU,BNFVZVUOVOFUI,20190605174730,002,000,ION
IULOUNFIF,BNUUZNPIPVVFL,20190605174730,002,000,ION
IIRPNOVVOFO,BNFVZNNFFLPUU,20190605174730,002,000,II
IIRPFORPUUO,BNFVZFPFNNRVU,20190605174730,002,000,II
ZNIVNRIFV,BNFVZNOLOLUOU,20190605174729,002,000,ION
IPOZNFNLIVFV,BNFVZNNIUFIOP,20190605174729,002,000,IPO
ZFPLURFOF,BNFVZFUZRUUNNL,20190605174729,002,000,ION
IOIPRFPRUULP,BNFVZFURNOIRV,20190605174729,002,000,IOI
IIFUIUZIRIZ,BURVDUZNZUUZFIVFPPRO,20190605174728,002,000,II
ILFLZONLUFZ,BNFVZFUPIIOLP,20190605174728,002,000,IL
ZFUUFLPZU,BNFVZNNIUZRVO,20190605174727,002,000,ION
VNNLOLUUU,BNUUDUZNVLOVVZFPLVVV,20190605174727,002,000,ION
VNUIUPUIO,BNUUZNZUPILPR,20190605174727,002,000,ION
ILZIOLRZFZV,BURVZNLUIOINR,20190605174726,002,000,IL
ZNOLLFFRR,BNFVZNUIUZNVZ,20190605174726,002,000,ION
ZIINLNNZP,BNUUZNPZRRORL,20190605174726,002,000,ION
VNUIURURN,BNUUZNLLIRVRU,20190605174726,002,000,ION
ZNUVZNNFU,BNFVZNZNPRNNI,20190605174725,002,000,ION
INRPVULULNZ,BNFVZNNIUOZRP,20190605174725,002,000,IN
LLRPIUVZZLIV,BNFVZFURIFNPR,20190605174724,002,000,LL
VLLZVZFPNRRR,BNFVZNNIUZUZR,20190605174724,002,000,VLL
NRPFLUPPVFI,BNFVZNUIFNNUP,20190605174724,002,000,NRPF
ZNOOULRON,BURVZNPOULNLO,20190605174724,002,000,ION
ZNZROVUVI,BNFVZFFUINOZP,20190605174723,002,000,ION
IIRRNPVRNIU,BURVDUZNZUUZFVINRPUV,20190605174723,002,000,II
ZFRVNNLLR,BNFVZNVFLIPNP,20190605174723,002,000,ION
LZNRIZVRUZUN,BNFVZNNIUFLFF,20190605174722,002,000,LZ
ZNFRUUPFF,BNFVZNIIIIVPO,20190605174722,002,000,ION
ZNFRINOII,BNFVZNIFNPRLZ,20190605174721,002,000,ION
IIFLVLVUVLO,BNFVZNNIUZIOZ,20190605174721,002,000,II
ZNPRURVNO,BNFVZNZZRPLPP,20190605174721,002,000,ION
LZNRFOFPRROPZ,BNFVZNVFRUUUI,20190605174720,002,000,LZ
LNRFVONIUPN,BURVDUZNZUUZIZPZNRUP,20190605174720,002,000,LN
IVLROVRNUPO,BURVZNNIUFFLF,20190605174720,002,000,IV
IINLOZOLLNR,BNFVZNFVRNPLI,20190605174719,002,000,II
VNUNZVPUN,BNUUZNLUUFLFF,20190605174719,002,000,ION
IZILRFPPIIVF,BNFVZIUNNNVNN,20190605174719,002,000,IZ
IUUOUFVNN,BNFVZNVROZZOU,20190605174718,002,000,ION
LNRFLILLPRL,BURVZNNIUZPLU,20190605174718,002,000,LN
LIVOVVVLPU,BNFVZFOOLRPIZ,20190605174718,002,000,LI
ZNLRNUONV,BNFVZNNFFLPUU,20190605174717,002,000,ION
VNUIOVORI,BNUUDUZNVLFVNLRNLFVL,20190605174717,002,000,ION
IINILFLVPFI,BURVVLINOLPRV,20190605174716,002,000,II
ZIINLNNZP,BNUUZNLIUPFLZ,20190605174716,002,000,ION
VNNVUNFLN,BNUUVNNZVUUFF,20190605174716,002,000,ION
VLLZLONUVUOV,BNFVZNRRRLIUL,20190605174715,002,000,VLL
LLRRNNLFIIOO,BNFVZFUZNLUFI,20190605174715,002,000,LL
IPONLNNNNFN,BNFVZNROVIIUV,20190605174714,002,000,IPO
IFRUINPZOFL,BNFVZNRIFFZVV,20190605174714,002,000,IF
VNUIURURF,BNUUZNNPLLNNU,20190605174714,002,000,ION
LLRLRUULILNV,BNFVZNNIUZOOL,20190605174713,002,000,LL
IOIRNZNFVULR,BNFVZNNIUFLFV,20190605174713,002,000,IOI
LLRLNIULZUNZ,BNFVZFURNIZOZ,20190605174712,002,000,LL
LPFFOPNPLIR,BNFVZVOFUOIFZ,20190605174712,002,000,LP
ZFRVNNLLR,BNFVZNVNIOZZO,20190605174712,002,000,ION
LNRPFZPPNVR,BNFVZFPNFVUNP,20190605174711,002,000,LN
IZUIIVLVFOUZ,BNFVZVOVZPPNN,20190605174711,002,000,IZ
ZFOZIRIVO,BNUUZNOZFRIUF,20190605174711,002,000,ION
ILFPIRFUZPP,BNFVZNNIUPNIO,20190605174711,002,000,IL
ZNFPRRRVO,BNFVZNNOUINIL,20190605174710,002,000,ION
VNPPLNOIU,BNUUZNROOLOZI,20190605174710,002,000,ION
LZNFUUNZLZZU,BURVZNPIOLZLV,20190605174710,002,000,LZ
LVNZNPFZIPIL,BNFVZFURILPFO,20190605174709,002,000,LVN
ZIRFFFZPV,BNFVZVOOLIPNR,20190605174709,002,000,ION
ILFRUPRVUOO,BNFVZNZRRPPUV,20190605174708,002,000,IL
VNULVVNIZ,BNUUZNPLINORL,20190605174708,002,000,ION
LZNONRNZRLOVL,BNFVZNINOFLNL,20190605174708,002,000,LZ
VNNPUILOZ,BNUUZNRZZRRPL,20190605174707,002,000,ION
VVUIUIVLR,BNUUZNLPFRNVR,20190605174707,002,000,ION
IIFNFUNOILP,BNFVZNLLLVUVU,20190605174706,002,000,II
ZNLPNZROP,BNFVZNNFFLPUU,20190605174706,002,000,ION
NVUVLOOPPPP,BNFVZNNIUOURN,20190605174706,002,000,NVUV
ILFUVINRVLF,BNFVZVUORORPL,20190605174705,002,000,IL
LLRLLUNZZORF,BURVZNZZZZOPI,20190605174705,002,000,LL
LIFRFUILVRUF,BNFVZFOOLRPIZ,20190605174704,002,000,LI
ZIVUIOVOI,BNFVZNFFUPORV,20190605174704,002,000,ION
IIRFZFNVOZU,BNFVZNNIULLOI,20190605174704,002,000,II
ZFOZIRIVO,BNUUZNORRROFP,20190605174704,002,000,ION
IIROIPVUNOL,BURVZNNIUFONO,20190605174703,002,000,II
IPOZOOUZILIO,BNFVZNZNVUORU,20190605174703,002,000,IPO
ZFVPUUNPV,BNFVZNZLZVVNO,20190605174703,002,000,ION
ILFOOUVVPUO,BNFVZNNIUZPLL,20190605174702,002,000,IL
ZIVLUFUZL,BNFVZNVUFOIPO,20190605174702,002,000,ION
ZNROROOZF,BNFVZNVIFZZRV,20190605174702,002,000,ION
ZNLOZVNNI,BNFVZNVNIOVNO,20190605174701,002,000,ION
ZFRVNNLLR,BNFVZNVNIOZZO,20190605174701,002,000,ION
IIFOVZRVNFN,BNFVZNNIUZZNR,20190605174701,002,000,II
ZNFNZPFOL,BNFVZNZZOZPNU,20190605174701,002,000,ION
,BURVZNVFLIRIO,20190605174700,002,006,UNKNOWN
ZVONIUZRU,BNFVZNPZIPUFU,20190605174700,002,000,ION
ILFZUFUPNIZ,BNFVZNZFOLRNU,20190605174700,002,000,IL
LLRRNUNNIZLN,BNFVZFUFNPFOP,20190605174700,002,000,LL
LLVUIPURPORO,BNFVZNLIVURFF,20190605174659,002,000,LL
ZILOIUONV,BNUUZNFVLNRVR,20190605174659,002,000,ION
LLRRZOIOPORL,BNFVZNFOVFZNL,20190605174658,002,000,LL
VLZPPUIUU,BNUUZNRORNLPZ,20190605174658,002,000,ION
ILFPILUZZZL,BNFVZNNIUFOII,20190605174658,002,000,IL
INFLLUOFFIV,BNFVZNNIULPUF,20190605174657,002,000,IN
VNNLOLUUU,BNUUZNOONZVZF,20190605174657,002,000,ION
IIRFRZPIFOZ,BNFVZFZPVRPVN,20190605174657,002,000,II
IUPPURPLU,BNFVZNUUPZIZP,20190605174656,002,000,ION
ILFIOPNONPI,BNFVZNRUORFFZ,20190605174656,002,000,IL
LPFZUURVNFL,BNFVZFFNOLRNZ,20190605174656,002,000,LP
ZVFPZZOOV,BNFVZNZFOUIRR,20190605174655,002,000,ION
LLRLPUIVZUPU,BNFVZNNIURONL,20190605174655,002,000,LL
OONVIZLNUVFI,BNFVZNVRNFULL,20190605174654,002,000,OO
NRIRVULZZFL,BNFVZNNIURLRN,20190605174654,002,000,NRIR
ZFPUOFPNV,BNFVZFUZRUNNZP,20190605174654,002,000,ION
OONNLOOLNNFP,BNFVZNNIUZZUP,20190605174654,002,000,OO
ILZPFFZULZU,BURVDUZNVLFVOVVZPFUU,20190605174653,002,000,IL
ZNPUPLFIZ,BNFVZNFZPFZNZ,20190605174653,002,000,ION
LLVUIZPUVPUU,BURVZNFULNFVL,20190605174653,002,000,LL
LLRRLRUVPPRP,BNFVZNNIUZIVF,20190605174652,002,000,LL
LLNVLOVNNIIN,BNFVZNNIUZZVZ,20190605174652,002,000,LL
ZNINVVUNF,BNFVZNPFRVPPF,20190605174652,002,000,ION
IOVFZNVNPVFV,BURVZNRUPOVZP,20190605174651,002,000,IOV
ZNNNUZUIZ,BNFVZNLNUIVII,20190605174651,002,000,ION
IZIVZPNPUOPN,BNFVZVUVPUNRP,20190605174651,002,000,IZ
LNRPPFUFRIR,BURVZNNIUONRL,20190605174650,002,000,LN
ZNIUROVNL,BURVZNLRNUONV,20190605174650,002,000,ION
VNUIOVOPP,BNUUDUZNVFVVOVNNORRN,20190605174649,002,000,ION
NPOOIIUPFOI,BNFVZNVLNLNOV,20190605174649,002,000,NPOO
VNNLOLUUU,BNUUZNOLINIOU,20190605174649,002,000,ION
IIRPVUNPVOP,BNFVZNFVVPNOF,20190605174648,002,000,II
ZNRVNUOPN,BNFVZFZUONFIZ,20190605174648,002,000,ION
VNNVULUVU,BNUUZNFFZVRUV,20190605174648,002,000,ION
ZNLIPIROR,BNFVZNIIUUPNF,20190605174647,002,000,ION
VNUIFZZUO,BNUUZNLIUUVFL,20190605174647,002,000,ION
VNNVUFZUV,BURVZNINOINPN,20190605174647,002,000,ION
ZNIFRNNLO,BNFVZNVIRPRZZ,20190605174647,002,000,ION
LNRFRUVPLPN,BURVZNRRININL,20190605174646,002,000,LN
ZRRZPLFFZFIVI,BURVZVUVPZVVP,20190605174646,002,000,ZRR
ZNLVIUURO,BNFVZNLVFRRVI,20190605174645,002,000,ION
ZNZNVONZO,BURVZNFRVZUUI,20190605174645,002,000,ION
VNNLOLUUU,BNUUZNOVIRINI,20190605174645,002,000,ION
IINIUIFIPNV,BURVDUZNVFVVOVFUVOZU,20190605174644,002,000,II
ZNZRFRZIL,BNFVZNLPNZROP,20190605174644,002,000,ION
IOVFFNONZNNR,BNFVZNPUILIVP,20190605174643,002,000,IOV
VNUILOFZL,BNUUZNPPNNRUU,20190605174643,002,000,ION
ZNNPZNIPR,BNFVZVRUOFZLF,20190605174643,002,000,ION
VNIVINLPV,BNUUZNZPFZZUI,20190605174643,002,000,ION
ZFVVOFPVI,BNFVZNVLROVLL,20190605174642,002,000,ION
INFVNOFUZUF,BNFVZNNIUOUZL,20190605174642,002,000,IN
LNRZOVVZRVU,BURVZNRZVUZPN,20190605174642,002,000,LN
IVLZLFZIIRZ,BURVZNNIUORPN,20190605174641,002,000,IV
VNUIUPOIP,BNUUZNNURUUIO,20190605174641,002,000,ION
VFVVPVVOI,BNUUDUZNVLOVFVOZPLIL,20190605174640,002,000,ION
IVLRIINIRRV,BURVZNNIUROVO,20190605174640,002,000,IV
VNNVNNRFL,BNUUZNFLRVOLP,20190605174640,002,000,ION
VPZIVUIUU,BNUUDUZNZUUZVRNVUPUZ,20190605174640,002,000,ION
IOINVIVVUUU,BNFVZFURIZIUU,20190605174639,002,000,IOI
IIRFVZOLOPP,BNFVZNOPLNFFI,20190605174639,002,000,II
NVULIVVUVUZ,BNFVZNNIUFFIR,20190605174639,002,000,NVUL
VLLZVILNZRRN,BNFVZNNIUPOVV,20190605174638,002,000,VLL
ZFOZIRIVO,BNUUZNVUIPNZU,20190605174638,002,000,ION
LZNRRUZLRIVU,BURVZNNNUOVFF,20190605174638,002,000,LZ
IIRFPVILZRF,BNFVZNIIILPIO,20190605174637,002,000,II
LLVUIPROIPZN,BNFVZFUFNRNUR,20190605174637,002,000,LL
VNNLOLUUU,BNUUZNONZPVRU,20190605174637,002,000,ION
ILZNIRULOLL,BNFVZVRRFRFVO,20190605174636,002,000,IL
IIRRNPVRNIU,BURVDUZNZUUZFVINRPUV,20190605174636,002,000,II
LLLVNZUVZIRULN,BNFVZFUFNFRFI,20190605174636,002,000,LL
VRPVUUNFU,BNFVZFOOPNPIV,20190605174636,002,000,ION
VRNNFNLRZRZ,BNFVZNFIIFOVP,20190605174636,002,000,VR
IVLZVPVPLLO,BNFVZNNZNNNOI,20190605174635,002,000,IV
VNUIFZZUO,BNUUZNZPURLLP,20190605174635,002,000,ION
IIRPVUNPVOP,BNFVZNFVVPNOF,20190605174635,002,000,II
ZNZPZFNFZVRO,BNFVZVUUZUUNR,20190605174635,002,000,ZN
LLROZUZRFRIP,BNFVZNVLPOROR,20190605174634,002,000,LL
VINVUUVUU,BNUUZNPFUFPPP,20190605174634,002,000,ION
ZFLIUPPRN,BURVDUZNZUUZILRFULFU,20190605174633,002,000,ION
VINIUOURV,BNUUZNNZNUPLZ,20190605174633,002,000,ION
VNUIIZOOZ,BNUUZNPFFIVNZ,20190605174633,002,000,ION
IPOZPZIVVRIF,BURVVOZUZVORP,20190605174632,002,000,IPO
OURVNVUNIL,BURVZNNRFPOZF,20190605174632,002,000,OUR
VNUUNFUUN,BNUUZNLVPRINV,20190605174632,002,000,ION
IINLPNUOONU,BURVDUZNVFVVRZRFVLNL,20190605174631,002,000,II
IIFFULFLUIP,BNFVZIUNNLLZL,20190605174631,002,000,II
LZNRFVLNILPVO,BNFVZNLUFNRLL,20190605174631,002,000,LZ
VIVZFUNLU,BNFVZFNIIIOFV,20190605174630,002,000,ION
ZNZOILZFV,BNFVZFPNNNUIN,20190605174630,002,000,ION
INFOONUPROF,BURVZVUILPFZR,20190605174629,002,000,IN
ILFVZPONZZU,BNFVZNFPZRRPU,20190605174629,002,000,IL
VNOUNFPPR,BNUUZNUVRVRON,20190605174629,002,000,ION
VILPUIINZPPUP,BURVZVUIZFVRL,20190605174628,002,000,VIL
VNLILULVU,BNUUZNPVNVFLP,20190605174628,002,000,ION
LLROPFIVOFPV,BNFVZFFPUURVP,20190605174628,002,000,LL
IUFZIFPZFORP,BNFVZNNIUZPZZ,20190605174627,002,000,IU
ZNUIOFPRI,BNFVZNOLPNUVZ,20190605174627,002,000,ION
ZNRVFNFVV,BNFVZNNFFLPUU,20190605174627,002,000,ION
LLROUPFUIRLR,BNFVZFURNFZRR,20190605174626,002,000,LL
ZNUUIFNPV,BNFVZNPPLNIVU,20190605174626,002,000,ION
ZNFNIVRNZ,BNFVZNZZFILVF,20190605174626,002,000,ION
LLRZUVLRVFZP,BNFVZNNIULROI,20190605174625,002,000,LL
ILFUZRNOVFF,BNFVZNNIUORZU,20190605174625,002,000,IL
VOFIPVRZI,BNUUZNROLNRFF,20190605174624,002,000,ION
ZVOZFFLFN,BNFVZNNIULIZF,20190605174624,002,000,ION
IUPPUPRIF,BNFVZNNIUPFNU,20190605174623,002,000,ION
ZNRUPNLLR,BNFVFUZNFZZVOUI,20190605174623,002,000,ION
INFIPZNVZOU,BNFVZNNIUZNPU,20190605174623,002,000,IN
VFNPNFFIU,BNUUDUZNVLFVFOOVNPOR,20190605174622,002,000,ION
ILFUZOZUFUL,BNFVZNNIUZPPP,20190605174622,002,000,IL
ZNZOFVVRV,BNFVZFUZRUUZRN,20190605174622,002,000,ION
ZILZVVRVP,BNFVZVFPRFNIN,20190605174621,002,000,ION
ZNNZUVNUR,BURVZNFPIPZIU,20190605174621,002,000,ION
VNUIIZOOZ,BNUUZNVZUPPRR,20190605174621,002,000,ION
IIRFZFVUINI,BNFVZNLRFPNNN,20190605174620,002,000,II
VRRFZPVONZV,BNFVZNNIUZRRL,20190605174620,002,000,VR
LLNRUZIORILO,BNFVZNNIUONPP,20190605174620,002,000,LL
ZNNPZNIPR,BNFVZVRUOFZLF,20190605174619,002,000,ION
ZVUNZIOUU,BNFVZNPPLRRIP,20190605174619,002,000,ION
VNNVULUVU,BNUUZNLPRVRRN,20190605174619,002,000,ION
IIRPOPRNPRO,BNFVZNNOVPVFO,20190605174618,002,000,II
ZFVUONZOR,BNFVZVFURLRUN,20190605174618,002,000,ION
ILFIOONFNVL,BURVZNNIUFIIV,20190605174618,002,000,IL
ZNZIZZUOL,BNFVZNVLFNFNF,20190605174617,002,000,ION
VFVPRUIPP,BNFVZNNFFLPUU,20190605174617,002,000,ION
PUPVUURZV,BURVZNRRRRPNN,20190605174616,002,000,ION
ZIIUFINPI,BURVZNLLVULVZ,20190605174616,002,000,ION
ZILIVLZIU,BNFVZNZNPNOZO,20190605174616,002,000,ION
IRVOULNOVI,BNFVZFURIRIUL,20190605174615,002,000,IRV
ZNVUVUNVO,BNFVZNVNOORLZ,20190605174615,002,000,ION
LLRLNPILLIZL,BURVDUZNZUUZVOIVOLPR,20190605174615,002,000,LL
ZNVVNIPPN,BNFVZNUINZPNR,20190605174614,002,000,ION
VNNVUFZUR,BNUUZNVIONZVR,20190605174614,002,000,ION
ILFOUFPROIU,BNFVZNNIULRLO,20190605174613,002,000,IL
LLROFLRNPOIF,BNFVZNRIRVPOR,20190605174613,002,000,LL
VNUIIULNR,BNUUZNIIVZLIP,20190605174613,002,000,ION
NFVFLVLFIFN,BNFVZNNIUFUOP,20190605174612,002,000,NFVF
VNUPVNVUR,BNUUVRRUZPUVO,20190605174612,002,000,ION
ZNRZLLILN,BNFVZNNFPVUVU,20190605174612,002,000,ION
ZFZPLPFZN,BNFVZNNIUPOOV,20190605174611,002,000,ION
VNNVULUVU,BNUUZNFPPNLZU,20190605174611,002,000,ION
VVZLPNUUO,BNUUDUZNVFVVOORRRNVP,20190605174610,002,000,ION
IIFFRVFVFII,BNFVZNNIUPPFI,20190605174610,002,000,II
ZNFZZIRRR,BURVZNNFFLPUU,20190605174610,002,000,ION
ZNRIOULPV,BNFVZNRONPFLL,20190605174609,002,000,ION
ZNFVZUFPF,BNFVZNORLUORF,20190605174609,002,000,ION
LLRZFRPVLIFL,BNFVZNNIUZIRV,20190605174608,002,000,LL
NZUPFROVNIR,BNFVZNNIULPIU,20190605174608,002,000,NZUP
IUPPUOUOO,BNFVZNFIZFLIU,20190605174608,002,000,ION
ILFNFZPFZVU,BNFVZNNIURUVZ,20190605174608,002,000,IL
ILFRVVFZIPV,BNFVZNNIUFUOZ,20190605174607,002,000,IL
ZNIPNUZLU,BNFVZNPFVPNPU,20190605174607,002,000,ION
ZNFINROPV,BNFVZNRIFOLIL,20190605174606,002,000,ION
ILFPURPUFPI,BNFVZNNIUFFIF,20190605174606,002,000,IL
IUVOONUVZPVU,BURVDUZNVFVVRNONVIPF,20190605174606,002,000,IU
ZNZPRUONP,BNFVZNVLVOFUU,20190605174605,002,000,ION
ZFLINPVRF,BNFVZNLZNNIPZ,20190605174605,002,000,ION
ZNVLRLRZN,BNFVZNNIUPRNF,20190605174605,002,000,ION
LZVRFNPIIOZI,BURVDUZNVLOVOFVUNVRU,20190605174605,002,000,LZ
ZNIRUNNIP,BNFVZNUUOILUZ,20190605174604,002,000,ION
IZILZNZPNONO,BNFVZNNIUFZOP,20190605174604,002,000,IZ
ZFNULVVVF,BNFVZNFFUZVLZ,20190605174604,002,000,ION
ILFNRLRNNFN,BNFVZNNIUZLLP,20190605174603,002,000,IL
VNUIIZOOZ,BNUUZNNORVUOR,20190605174603,002,000,ION
IUPPUOUOO,BNFVZFOVIRVOZ,20190605174603,002,000,ION
ILFFLVRZPUO,BNFVZNFPOPIFL,20190605174602,002,000,IL
ZILLRLIZO,BNFVZNRNLRIOZ,20190605174602,002,000,ION
LNRPZVPRRRU,BNFVZVFNFIIFI,20190605174601,002,000,LN
ZRVOVIFURVZP,BNFVZNNIUONLU,20190605174601,002,000,ZRV
ZFNLNNFFZ,BNFVZFOZZVLVL,20190605174601,002,000,ION
ZNFVOPFPO,BNFVZFLRFFZVN,20190605174600,002,000,ION
LLNFNLNLUUPO,BNFVZNRZVIVZF,20190605174600,002,000,LL
LURLOFPRZFZ,BURVZNRIVNUON,20190605174559,002,000,LU
NRULRLNVFZP,BNFVZNNIURVFO,20190605174559,002,000,NRUL
VNUIUVUVF,BNUUZNUPRVZFN,20190605174559,002,000,ION
INFOILZIUUF,BNFVZNOFUNUUR,20190605174558,002,000,IN
ILFUZNUOVZZ,BNFVZNZRIONPZ,20190605174558,002,000,IL
LLRZUVLRVFZP,BNFVZNNIULUUP,20190605174558,002,000,LL
ZIVLRVRFV,BNFVZNNFFLPUU,20190605174558,002,000,ION
IIFPUPFFZZO,BNFVZNNIUOFZU,20190605174557,002,000,II
VNUNZVPUN,BNUUZNIUZPRZN,20190605174557,002,000,ION
ZNINVNVLF,BNFVZNZVFORLF,20190605174556,002,000,ION
IIFFPUOUNOO,BNFVZNNIULNZF,20190605174556,002,000,II
IZIVZFOZNFOO,BNFVZNOIIFFZL,20190605174556,002,000,IZ
LZNRNPVNVVIU,BNFVZNRULPZPR,20190605174555,002,000,LZ
VNUILUPZP,BNUUZNNRPRLIZ,20190605174555,002,000,ION
IZIVROFROZPL,BNFVZFVFFNVRF,20190605174555,002,000,IZ
IOVLIRRLIVOLN,BURVZNNIULRRU,20190605174554,002,000,IOV
LLROUIRRNZIN,BNFVZNRZRPUUO,20190605174554,002,000,LL
IOIFFZRNNUUL,BNFVZNNIURIIO,20190605174554,002,000,IOI
ZNOVZRPLP,BNFVZNZNFNRFN,20190605174553,002,000,ION
IZIINORRZOUV,BNFVZNNIURFVN,20190605174553,002,000,IZ
VNUILZFVF,BNUUZNUVUFZZV,20190605174553,002,000,ION
IIIVFULFVOI,BURVZNIIFLUPO,20190605174552,002,000,II
ZNLLIFVUZ,BURVZNNNFOURV,20190605174552,002,000,ION
LLRIROIUOZOP,BNFVZFURNIZPN,20190605174552,002,000,LL
ILFURNUIUUU,BNFVZNNIURURO,20190605174551,002,000,IL
ZIZFNFRIL,BNFVZNRFOIPPI,20190605174551,002,000,ION
LLRRRIRFUNNI,BNFVZNNIUOZIV,20190605174551,002,000,LL
IIZPVORUUFZ,BURVDUZNZUUZILLOOFRV,20190605174551,002,000,II
VNUIIFRRI,BNUUZNUORFVNP,20190605174551,002,000,ION
RRUNRNVUOPP,BNFVZFUPNFVOF,20190605174550,002,000,R
ZNVVFUPIP,BNFVZNRFVNVPZ,20190605174550,002,000,ION
IIRPINNUFFU,BNFVZNNIUOLZP,20190605174550,002,000,II
ZNLIVNFFZ,BNFVZVROFFPZR,20190605174549,002,000,ION
IOPLUROLRNLN,BURVZNNIUZLII,20190605174548,002,000,IOP
LZNFUZRRFOINV,BURVZNOPFNFNO,20190605174548,002,000,LZ
ZFIPOLINU,BNFVZFVPVFLOR,20190605174547,002,000,ION
ZIVROUILO,BNFVZNONRZROF,20190605174547,002,000,ION
VNUIVPPZV,BNUUZNVOVORFP,20190605174547,002,000,ION
ZNRIRLZZF,BNFVZNFZIRIVL,20190605174546,002,000,ION
ZIZNFFIIL,BNFVZNOPLRNPP,20190605174546,002,000,ION
IVLRFVONLRZ,BURVZNNIULPUF,20190605174545,002,000,IV
VNZFUPOUU,BNUUVNNIOZUUL,20190605174545,002,000,ION
IIFRUVFUZOI,BNFVZNOZVRZNZ,20190605174544,002,000,II
ILFOVPUPIZZ,BNFVZNRPZNZFU,20190605174544,002,000,IL
LLNVNVPNPNFR,BNFVZNFOFVONF,20190605174543,002,000,LL
ZFOZIRIVO,BNUUZNZVVLIVR,20190605174543,002,000,ION
ZFOZIRIVO,BNUUDUZNZUUZFUVFRZZZ,20190605174543,002,000,ION
IULOUVIPF,BNUUDUZNVLFVOIPPIOUI,20190605174542,002,000,ION
ZNLNPFLLN,BURVZNFZOLNPR,20190605174542,002,000,ION
LFOUNPPUNUN,BNFVZNUZZFZUZ,20190605174542,002,000,LF
ZUZZLIILF,BNFVZNNIULNZF,20190605174542,002,000,ION
IZIINORRZOUV,BNFVZNNIURPRO,20190605174541,002,000,IZ
VNUIVZOFL,BNUUZNZLZIFOR,20190605174541,002,000,ION
ZVIUPFPUIURI,BNFVZFPPPRLVU,20190605174541,002,000,ZV
VNUIOVORI,BNUUZNLVPFPOR,20190605174541,002,000,ION
ILZNLPNFUUU,BNFVZNFPNIVUZ,20190605174540,002,000,IL
ZNLVFFOUO,BNFVZNIIPULZL,20190605174540,002,000,ION
ZNVOUNNUR,BNFVZNLVUURVZ,20190605174539,002,000,ION
ILFOZRLUPOF,BNFVZNNIULFIZ,20190605174539,002,000,IL
VNUUNFUUN,BNUUZNPZZOONN,20190605174539,002,000,ION
ZNLZUVFZU,BNFVZNZRZVOFF,20190605174539,002,000,ION
IIFOVNOPUFP,BURVDUZNZUUZFIUNPNUU,20190605174538,002,000,II
VNUIIFRRI,BNUUZNRLPLFLN,20190605174538,002,000,ION
RZVFNUVZFVL,BNFVZFURIIZPL,20190605174537,002,000,R
VNIZVFFUU,BNUUZNOVPVIUU,20190605174537,002,000,ION
ZNIOUPIRR,BURVZNFUORFVZ,20190605174536,002,000,ION
IINLOZOLLNR,BNFVZNRLZUVVU,20190605174536,002,000,II
VNNVULUVU,BNUUZNZNRIPLP,20190605174536,002,000,ION
VNNVULUVU,BNUUZNZLFRNOU,20190605174536,002,000,ION
ILFRUIUIZZZ,BURVDUZNZUUZIONZZILN,20190605174535,002,000,IL
ZNVFFLUUN,BNFVZFLNZUNRR,20190605174535,002,000,ION
LNRZFONRRVV,BURVZNNIUPFZO,20190605174534,002,000,LN
LZNRVRPILLIU,BNFVZNNIUPIOF,20190605174534,002,000,LZ
IIFZZPZVVNR,BNFVZNNIUPUVV,20190605174534,002,000,II
VNNVUFZUR,BNUUDUZNZUUZFPVZVONR,20190605174534,002,000,ION
VLLZLIFIUPPV,BNFVZNRPVUFLN,20190605174533,002,000,VLL
ILFRIUILPLF,BNFVZNRVRRZLF,20190605174533,002,000,IL
IIFLFPUIRVU,BNFVZNUPVFZRU,20190605174532,002,000,II
VIIINVUILVVN,BNFVZFIUPVNUR,20190605174532,002,000,VII
VFVOFPIZR,BNFVZFLLOLVLF,20190605174532,002,000,ION
ZNFFFFNVZ,BNFVZNNIUPIFO,20190605174531,002,000,ION
ZFROFUIOP,BNFVZFUZRUFPOO,20190605174531,002,000,ION
VLLZVZNUVVII,BNFVZNPRZOUZN,20190605174531,002,000,VLL
ZNZVUPFPZ,BNFVZNPNPFUPR,20190605174531,002,000,ION
NIUOFVZNVUU,BNFVZNNIULFPZ,20190605174530,002,000,NIUO
VNNVUFZUR,BURVZNIFZNLLV,20190605174530,002,000,ION
VNNVNNRFL,BNUUZNFZONVIF,20190605174530,002,000,ION
LZRULNPVPNRIP,BNFVZNLIRIZLN,20190605174529,002,000,LZ
ZNLZRORUI,BURVZNUNUNONL,20190605174529,002,000,ION
IZIILRFLVFUI,BNFVZNNIUOFUO,20190605174528,002,000,IZ
IOVFVNORNZFZ,BNFVZNVLIILII,20190605174528,002,000,IOV
IOVFVNVPUFUP,BNFVZVUUVFNIR,20190605174528,002,000,IOV
VIZPUVRUU,BNUUZNLRPNZNV,20190605174527,002,000,ION
LLROIPLZINFU,BNFVZNNIUFFUR,20190605174527,002,000,LL
LFPONZRVVOV,BURVZNRRZZZUL,20190605174527,002,000,LF
ZNVFVNVIN,BNFVZNVFVNUVI,20190605174527,002,000,ION
ZFVFOZFNR,BNFVZNNFFLPUU,20190605174526,002,000,ION
ILFIUZONZOV,BNFVZNPFOZVVN,20190605174526,002,000,IL
VNUIIFRRI,BNUUZNVVRFLFF,20190605174526,002,000,ION
IIFILLUVPIP,BNFVZNUORZFIZ,20190605174525,002,000,II
ZRVOUROVPNRN,BNFVZNNIUFRRF,20190605174525,002,000,ZRV
IIFUIVLVRZP,BNFVZNROFFINZ,20190605174525,002,000,II
ZILOUURLZ,BURVDUZNVLFVNLNVNPLV,20190605174524,002,000,ION
VPVUPZOZF,BNUUDUZNVLFVFNLNNNNN,20190605174524,002,000,ION
LPOVOFNLIRO,BURVDUZNVLOVLONURLOZ,20190605174523,002,000,LP
ILZVIZZVOOI,BNFVZNNIUZUON,20190605174523,002,000,IL
LLRPPOZOIUNZ,BNFVZFURNPNLR,20190605174523,002,000,LL
NLUFIFNVVVU,BURVZNNOZRUZV,20190605174522,002,000,NLUF
VIZRUURPL,BNUUZNIROUZNP,20190605174522,002,000,ION
VNUIFZZUO,BNUUZNZIFUPZL,20190605174522,002,000,ION
LLRRPORIPOVF,BNFVZNPFZVVOF,20190605174521,002,000,LL
VNUNVIPIV,BNUUZNPNRZPZF,20190605174521,002,000,ION
ZIINLNNZP,BNUUZNIRPPZNU,20190605174521,002,000,ION
ZNPPLPIZL,BNFVZNOFPRVPO,20190605174520,002,000,ION
LLRLNPILLIZL,BNFVZVOIVOLPR,20190605174520,002,000,LL
ZIFPVNLFN,BNFVFFZILFZVPPU,20190605174520,002,000,ION
INFNOZUVZRR,BNFVZVOFZNUZF,20190605174520,002,000,IN
VNNVUFZUP,BURVDUZNZUUZFVOUFUNU,20190605174519,002,000,ION
VNOZRFRUZ,BNUUZNZFNUVIZ,20190605174519,002,000,ION
VNVFRLOUUONV,BNFVZNNIUPIFL,20190605174519,002,000,VNV
ZFOZIRIVO,BNUUZNUOVRUPU,20190605174519,002,000,ION
IIFNFRLFFNO,BNFVZNNIUFIVN,20190605174518,002,000,II
ILFIPNZLLNF,BNFVZNNIUPUVL,20190605174518,002,000,IL
ZNUFIVRNF,BURVZNFUZRNRF,20190605174518,002,000,ION
IOVFFNNRLLIZ,BNFVZNOLURUZU,20190605174517,002,000,IOV
ZNLPZUPUN,BNFVZNFPUPUZN,20190605174517,002,000,ION
IUUUURFUU,BNUUDUZNVFVVOVZNNNRZ,20190605174517,002,000,ION
PPNFOOPOZZIO,BURVZNNIUOZIL,20190605174516,002,000,UNKNOWN
IZIPZFLULUNN,BURVZNFOZLZFU,20190605174516,002,000,IZ
ZNZVFZUPZ,BNFVZNOPNINOZ,20190605174516,002,000,ION
ZNRVORILI,BNFVZFOZIOZUU,20190605174516,002,000,ION
ZFZIUNIPZ,BNFVZFPNFZNFZ,20190605174515,002,000,ION
LNRPZOOOFVN,BNFVZFPPUFIFV,20190605174515,002,000,LN
LFOUNPPUNUN,BURVZNUZZFZUZ,20190605174514,002,000,LF
ZFOZIRIVO,BNUUZNVOZFFIN,20190605174514,002,000,ION
NOUVRUVPVRV,BNFVZNNIUFFFO,20190605174514,002,000,NOUV
IINRRPFLNZV,BURVZNRURIOVN,20190605174513,002,000,II
PPNFOOPOZZIO,BURVZNNIUOZIL,20190605174513,002,000,UNKNOWN
IUUIUNFUN,BNUUZNLLLVZLZ,20190605174513,002,000,ION
VNUINRZFF,BNUUZNIVUUVZO,20190605174513,002,000,ION
PPNFOOPOZZIO,BURVZNNIUOZIL,20190605174512,002,000,UNKNOWN
ZFRUZFORI,BURVDUZNZUUZIOZNPVRI,20190605174512,002,000,ION
LLRRRZIUFNLV,BNFVZNNIUZZVO,20190605174511,002,000,LL
VIPUUFUUN,BNUUZNZOIVOPI,20190605174511,002,000,ION
LLRLNPILLIZL,BNFVZVOIVOLPR,20190605174511,002,000,LL
ZNZFVZLUV,BNFVZNPPIRLNF,20190605174510,002,000,ION
IZUPNNZIIPLIO,BURVDUZNZUUZFPIUUROP,20190605174510,002,000,IZ
LLROILLVFVFO,BNFVZFURNRIRI,20190605174509,002,000,LL
VNUIIZOOZ,BNUUZNRZFIINI,20190605174509,002,000,ION
ILFFOLUORRF,BNFVZVFOFRZIU,20190605174509,002,000,IL
VNUNNLLIU,BNFVZNNIUFRVR,20190605174508,002,000,ION
ZINFVIFUN,BNFVZNOVILFIL,20190605174508,002,000,ION
ZFPULVNIL,BNFVZNNIUPFFF,20190605174508,002,000,ION
IULOUNFIN,BNUUDUZNZUUZIIOOVOIV,20190605174508,002,000,ION
ZRNOUVOVOVVN,BNFVZNNIUORNI,20190605174507,002,000,ZRN
ZIVIUOVUZ,BNFVZNNPPOOUL,20190605174507,002,000,ION
VNNVUFZUP,BNFVZVLIVIRNP,20190605174506,002,000,ION
ZFNOULRFU,BNFVZNNIUFFIF,20190605174506,002,000,ION
NPLLFOZZIVZ,BNFVZNNIUPZUV,20190605174505,002,000,NPLL
ZIOFILOLP,BNFVZNLNLULPZ,20190605174505,002,000,ION
VNUILLPUN,BNUUZNOIRUVNP,20190605174505,002,000,ION
ZFOZIRIVO,BNUUZNLNLUFOI,20190605174505,002,000,ION
ZNUULZZVL,BNFVZNOLLFUVP,20190605174505,002,000,ION
ZFOFRFFIL,BNFVZFUZRUUVUF,20190605174504,002,000,ION
ZVPUOOIPR,BNUUDUZNVLFVNUINRIVI,20190605174504,002,000,ION
ZNVVOFZRR,BURVZNZNZUFFP,20190605174503,002,000,ION
ILFVZFOVPFF,BNFVZVFLPPVPV,20190605174503,002,000,IL
LZNRUUORIIPN,BURVZNRRLFFVR,20190605174502,002,000,LZ
LZNRNVUZVROI,BNFVZNUIFVLVV,20190605174502,002,000,LZ
ZIIROORZN,BNFVZNNFFLPUU,20190605174501,002,000,ION
VIZZNRNRU,BNUUZNROLVRRV,20190605174501,002,000,ION
VOVRUNUFU,BNUUZNFLORIPP,20190605174501,002,000,ION
ZIIVLIURO,BURVZNIRULOZU,20190605174500,002,000,ION
VNUIINUZI,BNUUZNVVRPZIU,20190605174500,002,000,ION
LNRFOOPVPFF,BURVZNUULUOFV,20190605174459,002,000,LN
VNUIUVPPZ,BNUUZNZVUOLLL,20190605174459,002,000,ION
IIFFNFOLPVU,BNFVZNRPRPPOR,20190605174459,002,000,II
IIFUNVFFFON,BNFVZNPUVVZZI,20190605174458,002,000,II
IZUNORFRZIUP,BNFVZNFRIILLI,20190605174458,002,000,IZ
LNRZPLLURIR,BURVZNNIULONO,20190605174458,002,000,LN
ZNLRZNVZZ,BNFVZVFURIPIL,20190605174457,002,000,ION
VNIPNPRUU,BNUUVNUZURLLN,20190605174457,002,000,ION
VLLUULUIN,BNUUZNUUVOLFV,20190605174457,002,000,ION
LLRZRZZZNUIR,BURVDUZNZUUZFFPRURLV,20190605174456,002,000,LL
IVLPPVZVLIV,BURVZNNIURPPL,20190605174456,002,000,IV
VNNZIZZUU,BURVZNNIUFLZO,20190605174455,002,000,ION
VNUPIFLOV,BNUUZNFNFLZUO,20190605174455,002,000,ION
ZNLORIPZO,BNFVZNOPFZZZU,20190605174455,002,000,ION
IUPPUOULP,BNFVZNRPVNOUP,20190605174454,002,000,ION
ILFNULILILU,BNFVZNNIURVRI,20190605174454,002,000,IL
IUPPUIPUV,BNFVZFORVNZFU,20190605174454,002,000,ION
IZUNORFRZIUP,BNFVZNFRIILLI,20190605174453,002,000,IZ
VNULNLPUU,BNUUDUZNVLFVNPZPVVLU,20190605174453,002,000,ION
LLRPIFZOIZIR,BNFVZNNIUFOLN,20190605174453,002,000,LL
LZRRINRZPVZVZ,BNFVZVOZPNNIP,20190605174452,002,000,LZ
ZNFNFIZUP,BURVDUZNZUUZFNVUIZZF,20190605174452,002,000,ION
ZIULNNFRU,BNFVZFLPIRFII,20190605174452,002,000,ION
LLRRIROURNVU,BNFVZNIFNPLIU,20190605174451,002,000,LL
VNNVULUVU,BNUUZNOFZFNUR,20190605174451,002,000,ION
LIFOUIRNUOLU,BNFVZNNIURVZL,20190605174451,002,000,LI
IUPPUPRVP,BNFVZFRZILROF,20190605174450,002,000,ION
ZNUULUOOL,BNFVZNNIUZVPI,20190605174450,002,000,ION
VNUIVRRLL,BNUUZNZUOIUOV,20190605174450,002,000,ION
ZNUFFPFFZ,BNFVZNLRILPPF,20190605174449,002,000,ION
ZNPNLOOIP,BNFVZNNUNNRPR,20190605174449,002,000,ION
OOVNZPINFOUIO,BNFVZNNIUOPLL,20190605174448,002,000,OO
LLRRPNLNILPN,BNFVZNNIURVVV,20190605174448,002,000,LL
ILFNRLPVFNR,BNFVZFZNVVLLL,20190605174448,002,000,IL
VOFIRZONU,BNUUDUZNVFVVOVPRNNUV,20190605174447,002,000,ION
IUPPULOVV,BURVDUZNZUUZIOVOVOVI,20190605174447,002,000,ION
IIFNUNNVVPZ,BNFVZNLNFRRUU,20190605174447,002,000,II
ZIINLNNZP,BNUUZNNNPNVPO,20190605174447,002,000,ION
LNRZIILILIU,BURVZNNIULRFU,20190605174446,002,000,LN
ZFRVNNLLR,BNFVZNFRIILLI,20190605174446,002,000,ION
ZNOUNNLFU,BNFVZVOURIFNF,20190605174445,002,000,ION
ZFFOOOPZR,BNFVZNNPVUOII,20190605174445,002,000,ION
ILFLPFLNOVP,BNFVZNNIUFONI,20190605174444,002,000,IL
IOVFVNVOZUIN,BURVZNFUNNFNP,20190605174444,002,000,IOV
VNUILLPUN,BNUUZNOFOUZLO,20190605174444,002,000,ION
LZNRFVVVPIUZN,BNFVZNPVVFFNP,20190605174443,002,000,LZ
ZFFUZVRIF,BNFVZNRULFLIL,20190605174443,002,000,ION
IIRPPVRZFPR,BNFVZNPZLPONP,20190605174443,002,000,II
ZNZOUFIZV,BNFVZNUUZPPPP,20190605174442,002,000,ION
LZRRINRZPVZVZ,BNFVZVOZPNNIP,20190605174442,002,000,LZ
LLNFNRFPNLPO,BNFVZNNIUOOZP,20190605174441,002,000,LL
ZNOUFRNUR,BNFVZNPZILLFI,20190605174441,002,000,ION
IIFVFUNLOLO,BNFVZNPOZLUUV,20190605174441,002,000,II
ZNOIOROPU,BNFVZNNIUFUUO,20190605174440,002,000,ION
VNNVULUVU,BNUUZNFVVLFLF,20190605174440,002,000,ION
ZNIPPIVUF,BNFVZNILUVOLP,20190605174439,002,000,ION
VNULLNORU,BNUUDUZNVLFVVRNORNUU,20190605174439,002,000,ION
VNNVULUVU,BNUUZNLPIUUPP,20190605174439,002,000,ION
ZNPZFLUIR,BNFVZNFUPLOIF,20190605174439,002,000,ION
IZILPFLLUFZV,BNFVZNNIUOOOR,20190605174438,002,000,IZ
VFVOZULUU,BNUUZNOUVPLFZ,20190605174438,002,000,ION
LLROORVPVOLP,BNFVZNNIUOOVR,20190605174437,002,000,LL
VNNLOURZI,BNUUZNLRUVFFU,20190605174436,002,000,ION
VNUIUVPPZ,BNUUZNOULVUFZ,20190605174436,002,000,ION
ILFOVZLRVRN,BNFVZNZFFLUVR,20190605174436,002,000,IL
ZFIVUUNVL,BNFVZNNFFLPUU,20190605174435,002,000,ION
VNUILLPUN,BNUUZNIRIFVRF,20190605174435,002,000,ION
LZLUVPORNFUU,BNFVZNLUIFOOZ,20190605174434,002,000,LZ
LLVUIFZOPILL,BURVZNPIRNZZN,20190605174434,002,000,LL
ZFIRRZRFR,BNFVZFUZRUUPRL,20190605174434,002,000,ION
IUUIUNFUN,BNUUZNILFUFPF,20190605174434,002,000,ION
VNNVVFROU,BURVZNLNULRVU,20190605174433,002,000,ION
IOIPRZFUZRZN,BNFVZNNIUOPII,20190605174433,002,000,IOI
ZILRLRZNU,BNFVZNLZZIOOO,20190605174432,002,000,ION
LVURRFPFPRLI,BNFVZVUNULULP,20190605174432,002,000,LVU
IIIPLRNURRZ,BNFVZNNIUROFI,20190605174432,002,000,II
LURFFFVLRRP,BURVDUZNZUUZFZIUPRVZ,20190605174431,002,000,LU
PUPVUURZV,BURVZNOOLPVRF,20190605174431,002,000,ION
IRIFPIFIRPV,BNFVZVUVPUVUN,20190605174430,002,000,IRI
NPNPPPIIFVR,BNFVZNNIURNUN,20190605174430,002,000,NPNP
IVLZVLFVIUR,BURVZNNIUPRRP,20190605174429,002,000,IV
INFORNVRPRV,BNFVZNNIUOVPN,20190605174429,002,000,IN
ILFOLOONLVL,BNFVZFUZNIFRF,20190605174429,002,000,IL
NPOOIIUPFOI,BNFVZNOOUUUNR,20190605174428,002,000,NPOO
PUPVUURZV,BURVZNFUOFRLR,20190605174428,002,000,ION
ZNUURVFNO,BURVZNLUIFPOO,20190605174427,002,000,ION
ZNVPZOPOP,BURVDUZNZUUZFVRZIOLU,20190605174427,002,000,ION
ZNLNVOOOO,BNFVZNFNNOLNO,20190605174426,002,000,ION
ZNRNNRFOO,BURVZNPOIOFRV,20190605174426,002,000,ION
ILNZVUUVULPZ,BURVZNUZOIPRU,20190605174426,002,000,IL
LZNRUULPUVOP,BURVZNUIZIVPZ,20190605174425,002,000,LZ
VNNZIZZUU,BURVZNNIUZLNN,20190605174425,002,000,ION
VNUPZURLZ,BNUUZNZIIURUI,20190605174425,002,000,ION
ZVOVZVZOZ,BNFVZNNIULINV,20190605174424,002,000,ION
ZFOZIRIVO,BNUUZNULIZIPV,20190605174424,002,000,ION
NFLFRRUNPRI,BNFVZNNIULRVR,20190605174423,002,000,NFLF
VNUIFZZUO,BNUUZNPPUNVVP,20190605174423,002,000,ION
ILFRUVZNIFZ,BNFVZNNIULPFL,20190605174422,002,000,IL
ILFZUZIVRVR,BNFVZNNIUFRLO,20190605174422,002,000,IL
VNNVVLPUU,BNUUDUZNZUUZFPOFIULP,20190605174422,002,000,ION
ZNNPVUOII,BNFVZNNFFLPUU,20190605174421,002,000,ION
ZNVIRPPVO,BNFVZNLILFPNI,20190605174421,002,000,ION
IUVROVUVVRRI,BNFVZFPZVUOFP,20190605174420,002,000,IU
NFUVPUZFLRI,BNFVZNNIUPNOZ,20190605174420,002,000,NFUV
ZNZNLPUZI,BNFVZFUZRURVIN,20190605174420,002,000,ION
LNRZIOOZNFR,BURVZNNIULOZV,20190605174419,002,000,LN
LNRFLNZLZPF,BURVDUZNZUUZFZOOOVPO,20190605174419,002,000,LN
IOIPFVOLLVUO,BNFVZFURNZRPZ,20190605174419,002,000,IOI
ZNIUNZRLP,BNFVZNIUVNURZ,20190605174418,002,000,ION
VNUIUVUVF,BNUUZNLIPPLLU,20190605174418,002,000,ION
LNRPFZVOPZO,BURVZNNIURLZO,20190605174418,002,000,LN
ZFZZZUINV,BNFVZNNFFLPUU,20190605174417,002,000,ION
LNRZPPLPOPZ,BURVZNRZZOFUL,20190605174417,002,000,LN
ZNVIFVVFN,BNFVZNUVPRFZZ,20190605174416,002,000,ION
VNNLONIFU,BNFVZNFLPRPZO,20190605174416,002,000,ION
LNRZFNNPZPP,BURVZNFFPVUUF,20190605174416,002,000,LN
ZNVIZLZVU,BNFVZNRVOFZUR,20190605174415,002,000,ION
ILFPFRIFPVP,BNFVZNNIUFLZN,20190605174415,002,000,IL
ILFIVZOPPFO,BURVZNLVNOVRF,20190605174415,002,000,IL
IVLFFVUUPZU,BNFVZVOIRFUZN,20190605174414,002,000,IV
IOZPZRIVVZIP,BNFVZNUNFRRRU,20190605174413,002,000,IOZ
IINILIUNUUU,BNFVZNNIULNON,20190605174413,002,000,II
IOIPORNNVNNV,BNFVZNNIURPRF,20190605174413,002,000,IOI
VZNVIZOUU,BNUUZNZZNLNVU,20190605174413,002,000,ION
IZILVFZRONZL,BNFVZVRIZONZO,20190605174412,002,000,IZ
VIPUUFUUN,BNUUZNRURFIRO,20190605174412,002,000,ION
LVNZURRUNNIO,BNFVZNNIUPLNR,20190605174411,002,000,LVN
ZFRVNNLLR,BNFVZVUUNNZLL,20190605174411,002,000,ION
VNUIUPVRN,BNUUZNLNLPRZL,20190605174411,002,000,ION
LUROFIOPVZO,BNFVZVUVFVZUI,20190605174410,002,000,LU
VVOONIVOL,BURVDUZNVLOVNVRINPOR,20190605174410,002,000,ION
ZIZUPRROF,BNFVZVORZPFZZ,20190605174409,002,000,ION
LVNZUIOPLOZL,BNFVZFUFNIFFI,20190605174409,002,000,LVN
IIFPINFRZOZ,BNFVZNPUIUIZF,20190605174409,002,000,II
LLRRUVIFIVZZ,BNFVZNNIUPIOL,20190605174408,002,000,LL
ZNILLFPRP,BNFVZNLZFFOIR,20190605174408,002,000,ION
ZNOPPLFNN,BNFVZNNNNNURU,20190605174408,002,000,ION
LLPOPIINR,BNFVZFLPNRNNO,20190605174407,002,000,ION
IUFZRLIFOPLL,BURVZNILUUZFP,20190605174407,002,000,IU
IPOZONUUVIIP,BURVDUZNVLOVVFUFLUNU,20190605174407,002,000,IPO
ZNFPZOVNL,BNFVZNFOFZFZI,20190605174406,002,000,ION
INFOUPVUVFZ,BNFVZVFVVORUI,20190605174406,002,000,IN
IUFZLLNLLRVV,BNFVZNNIURZOV,20190605174406,002,000,IU
LNRFOFUIPNV,BURVDUZNZUUZIZRRLUFL,20190605174405,002,000,LN
IVLZIRFRVVV,BURVZNNIUFUFP,20190605174405,002,000,IV
ZNIRRLOIZ,BNFVZNIUPVVIO,20190605174405,002,000,ION
IIFNFLIUVIR,BNFVZNNIUOIPP,20190605174404,002,000,II
IOVFVNIFRIRV,BURVZNNIUFFVZ,20190605174404,002,000,IOV
ZFOZIRNZR,BNUUZNLUZUNUN,20190605174404,002,000,ION
ILFNUVLOPLL,BNFVZNFNPOOIO,20190605174403,002,000,IL
VNNVNNRFL,BNUUZNVLUIOOP,20190605174403,002,000,ION
LURVFNRUFOU,BNFVZNZZPVLUP,20190605174403,002,000,LU
IIROIUNOOLN,BURVZNPOZFZPU,20190605174402,002,000,II
LNRZIILILIU,BURVZNNIULINZ,20190605174402,002,000,LN
ZNFNVRPUF,BNFVZNLFZVLLN,20190605174401,002,000,ION
IIFNLNZOINU,BNFVZNNIUZZPV,20190605174401,002,000,II
ZIINLNNZP,BNUUZNOZUPIVZ,20190605174401,002,000,ION
NZNZOFLZINU,BNFVZNNIUORLR,20190605174400,002,000,NZNZ
LFRVIFOVNZO,BNFVZNFPUFINP,20190605174400,002,000,LF
IIFVLPOLLNV,BNFVZNFRRORPP,20190605174400,002,000,II
IUPPUZOFU,BURVZNFLILNIU,20190605174359,002,000,ION
LNRFRROZIZP,BURVZNFZZVZLN,20190605174359,002,000,LN
ZNUVIZZNZ,BNFVZNUVUFRIV,20190605174358,002,000,ION
VNUIIFRRI,BNUUZNILUNRFR,20190605174358,002,000,ION
IIFRFFZFIOV,BNFVFUZNOVIVIFN,20190605174358,002,000,II
ILFLVIUFIZZ,BURVDUZNZUUZIVRZZNOF,20190605174357,002,000,IL
VNUIIULUF,BNUUZNLILOVFP,20190605174357,002,000,ION
IIFNNNVUFLO,BNFVZNOOVFVIP,20190605174356,002,000,II
LLROPPNNVLZF,BNFVZNOPNFZLO,20190605174356,002,000,LL
ZNZVRPOOF,BNFVZNNOLORLI,20190605174356,002,000,ION
ZIFVVVIVL,BNFVZNNIURPOO,20190605174355,002,000,ION
IILZIONRZVU,BNFVZNPVIPRUR,20190605174355,002,000,II
ILFOUPUULLV,BNFVZNNIUFIRR,20190605174355,002,000,IL
ZNFZPRFIU,BURVDUZNVLFVNLPIZROU,20190605174354,002,000,ION
ZFOZIRIVO,BNUUZNRNFOLLO,20190605174354,002,000,ION
LZNRNZVIVOIL,BURVZNFOVVRVI,20190605174354,002,000,LZ
ILZRIIOUVPL,BURVDUZNVLFVOOPRZRUR,20190605174353,002,000,IL
ZNFPZLOII,BNFVZNIPVFOPP,20190605174353,002,000,ION
VOVRUNUZO,BNUUDUZNZUUZFIRPVNUR,20190605174353,002,000,ION
ZNLFZNOFU,BNFVZNNFFLPUU,20190605174352,002,000,ION
LZNRFPLNLNNFU,BNFVZNNPOIUFO,20190605174352,002,000,LZ
IUPPNNFPO,BURVZNVLOZUZI,20190605174352,002,000,ION
LURVZUZFIZV,BNFVZVUVOONZI,20190605174352,002,000,LU
VFVVPIZUN,BNUUDUZNVLOVFVZOUIIN,20190605174351,002,000,ION
VNULNUUPU,BNUUZNURZRNNI,20190605174351,002,000,ION
IIRRNPLOUFF,BNFVZNFVUFUVP,20190605174351,002,000,II
ZNLFIVUPR,BNFVZNLIRNONO,20190605174350,002,000,ION
ZFZFOVLFP,BURVZNIPOPOLL,20190605174350,002,000,ION
ZFRRPIROR,BNFVZNRVRIONU,20190605174349,002,000,ION
IVLFORNURRU,BURVZNNFFLPUU,20190605174349,002,000,IV
ZNRZFZILL,BNFVZNLRLZORF,20190605174349,002,000,ION
LZNONOVOOPINR,BURVZNPNNONRP,20190605174348,002,000,LZ
ZFNRFNNRIUI,BNFVZNNIUZPNV,20190605174348,002,000,ZFN
LRZIPLPLVR,BNFVZNLINIVPO,20190605174347,002,000,LR
IZIIONOFPRFP,BNFVZNNIULPUL,20190605174347,002,000,IZ
ZNVPZFILP,BNFVZFLUONPFO,20190605174346,002,000,ION
VNULRUUUU,BNUUDUZNVLFVNULZLUNR,20190605174346,002,000,ION
ZFOZIRIVO,BNUUZNZIOIOZI,20190605174346,002,000,ION
NPLORUZOFUU,BNFVZNIOUFOOI,20190605174345,002,000,NPLO
LIFFLLUUIFLO,BNFVZFPOVFUUZ,20190605174345,002,000,LI
IIRRRIFRNZN,BNFVZNNIUZLNI,20190605174345,002,000,II
ZNILOVVZZ,BNFVZNPUFLIUR,20190605174344,002,000,ION
ILFIPIZIIIR,BNFVZNNIUPFOO,20190605174344,002,000,IL
LLRLOZPIFZFU,BURVZNZVOIZLP,20190605174344,002,000,LL
ZNPOURFZF,BNFVZNUUZLLRU,20190605174344,002,000,ION
LLROVNFNINFO,BNFVZFURNFFPO,20190605174343,002,000,LL
IUPPUNOVO,BURVZVUNOVVZR,20190605174343,002,000,ION
ZNLPLFIIV,BNFVZNZOPFNUF,20190605174342,002,000,ION
VNUIVZOFL,BNUUZNVVINUOO,20190605174342,002,000,ION
ZIFZNUUZR,BNFVZNNIUPNZN,20190605174342,002,000,ION
LZNRILNORPIN,BNFVZNNIULLZF,20190605174341,002,000,LZ
ZNRLRVNRZ,BNFVZNLPRNIRO,20190605174341,002,000,ION
LLRPPURZOULU,BNFVZNNIUZVOV,20190605174341,002,000,LL
ZFRVNNLLR,BNFVZFNOZIPLN,20190605174340,002,000,ION
ZNZOPNZIZ,BURVZNLROIZPN,20190605174340,002,000,ION
ILFLRLFNNLI,BNFVZNNIUOLVR,20190605174339,002,000,IL
VNUIVFUFL,BNUUZNUFFIZUU,20190605174339,002,000,ION
ZNOZIIIUV,BNFVZNVZRRIRN,20190605174339,002,000,ION
IOIPRVOINIPV,BNFVZNNIULIVZ,20190605174338,002,000,IOI
ZFVOUIFOP,BNFVZNOPORPNI,20190605174338,002,000,ION
ZNIRRLOIZ,BNFVZNIUPVVIO,20190605174338,002,000,ION
OONNZZPPUFRLR,BNFVZFUPIRPRI,20190605174337,002,000,OO
IIFNNIVRONR,BNFVZNLFLLVLP,20190605174337,002,000,II
ZFOFFVOUI,BNFVZFUZRUFULL,20190605174336,002,000,ION
ZIFOLUURZ,BNUUZNZFZRPVV,20190605174336,002,000,ION
ZNLPPFVRF,BNFVZNLZUIINL,20190605174335,002,000,ION
IIFVUPVPVRI,BNFVZNOVVPZRZ,20190605174335,002,000,II
IIFNFIVPPUF,BNFVZNZVULNRU,20190605174334,002,000,II
IILZIONRZVU,BNFVZNIPLUPUZ,20190605174334,002,000,II
LLRPFNNFZLPU,BNFVZFURNOZNN,20190605174334,002,000,LL
VVZLVROLV,BNFVZFPRZROIF,20190605174333,002,000,ION
IINLPOVRFPI,BURVVLZUZOILO,20190605174333,002,000,II
IULOUUPUP,BNUUZNZPRLFII,20190605174333,002,000,ION
ZNOZUZULU,BNFVZNZONLORV,20190605174333,002,000,ION
RZNPLIUNUNL,BNFVZFURNORIL,20190605174332,002,000,R
IIFLIUOVOON,BNFVZNPZZZNNR,20190605174332,002,000,II
IFVUVZNLLUV,BNFVZVLULIIRO,20190605174331,002,000,IF
VNNVUFZUP,BURVZNFPVUOIU,20190605174331,002,000,ION
LVURUVVPZNPN,BNFVZNNIUORLZ,20190605174331,002,000,LVU
VIZPOVLRU,BNUUDUZNVLFVROZORVUV,20190605174330,002,000,ION
IIFVNULULZZ,BNFVZNFFOIZRR,20190605174330,002,000,II
ZNZOFZFNU,BNFVZFPNUOZIZ,20190605174329,002,000,ION
IZIINZNUZLPN,BNFVZNNIURROV,20190605174329,002,000,IZ
ZNRRNOOZU,BURVDUZNZUUZFILLNNIZ,20190605174329,002,000,ION
ZNVLNZFFZ,BNFVZVOOLFZRL,20190605174328,002,000,ION
LNRPZUZFPOF,BURVZNNIUFPNP,20190605174328,002,000,LN
LLVUPUPZIFNI,BNFVZNRVPIZUU,20190605174328,002,000,LL
ZNIRLOVLZ,BNFVZNZZIPNZV,20190605174327,002,000,ION
ILFRZZFFLNN,BNFVZNUINLVRP,20190605174327,002,000,IL
LZNRFLZUVUVUN,BNFVZFVOLZPZF,20190605174326,002,000,LZ
VNNLOLUUU,BNUUZNPNFRZLL,20190605174326,002,000,ION
ZILOIUONV,BNUUZNIZZFVNN,20190605174326,002,000,ION
IIFRLRUFVPN,BNFVZNUZIPFOZ,20190605174325,002,000,II
VIVLORIRN,BNFVZFUIINOVN,20190605174325,002,000,ION
VNOZRFRUZ,BNUUZNVRIFFUI,20190605174325,002,000,ION
VIVUUNLFZ,BURVZNFFVLONZ,20190605174324,002,000,ION
VNUINRZFF,BNUUZNVNLIRVZ,20190605174324,002,000,ION
LNRZVUOUURO,BURVZNVUNPIOO,20190605174324,002,000,LN
IOVFVNNRFZOO,BNFVZNIILNZRZ,20190605174323,002,000,IOV
LZNROOIIPVUZ,BNFVZNPFNOONV,20190605174323,002,000,LZ
VNUINRZFF,BNUUZNIUNNOVU,20190605174323,002,000,ION
ZNLLIIIII,BNFVZNOVFPUFN,20190605174322,002,000,ION
IVLZRPVLIOV,BNFVZFZFNFOIV,20190605174322,002,000,IV
ZFOZIRIVO,BNUUZNUZNNPFF,20190605174322,002,000,ION
ZFOZIRIVO,BNUUZNUUOVFIN,20190605174322,002,000,ION
IIFZPRFVRPU,BNFVZNNIURZOF,20190605174322,002,000,II
ZNPFVVRPR,BNFVZNFPUFPIO,20190605174321,002,000,ION
ZNFPZLOII,BNFVZNIPVFOPP,20190605174321,002,000,ION
VNNVULUVU,BNUUZNFPZOILV,20190605174321,002,000,ION
ZNUUPVVNP,BNFVZNUPFVZUU,20190605174320,002,000,ION
ZNPFFIZIU,BNFVZNNIULVRZ,20190605174320,002,000,ION
ILZFIZVZNIZ,BNFVZNLZOIUOO,20190605174320,002,000,IL
IPOZONUUVIVP,BURVDUZNVFVVOOZNNOOV,20190605174319,002,000,IPO
IIFNIRLLUFU,BNFVZIUNVNZVV,20190605174319,002,000,II
ZVULUNFVL,BNFVZVUIFNNOF,20190605174318,002,000,ION
ZIPLFPNRF,BNFVZNZNPZLIZ,20190605174318,002,000,ION
PUPVUURZV,BURVZNLOIORFL,20190605174318,002,000,ION
ZNROPLROV,BNFVZFRNOILNO,20190605174318,002,000,ION
ZNVOOILFP,BNFVZNLZFIVUZ,20190605174317,002,000,ION
VIPUUFUUN,BNUUZNZILVFLP,20190605174317,002,000,ION
IUPPUPRNZ,BNFVZNPRLVUVO,20190605174316,002,000,ION
ILFUFNZPNPU,BNFVZNNIUZOUV,20190605174316,002,000,IL
ILFPORVPZVP,BNFVZNRPNRZFV,20190605174316,002,000,IL
ZIFVNVIRR,BNFVZFUZRUNNVR,20190605174315,002,000,ION
ZIOOZINIV,BNFVZNVOPPPIR,20190605174315,002,000,ION
ZNVLNIFVO,BURVDUZNZUUZFPPZNNZU,20190605174315,002,000,ION
IZILRIUUVLUL,BNFVZNFLUULPL,20190605174314,002,000,IZ
LLROVIZULVPU,BNFVZNNIURPRF,20190605174314,002,000,LL
ZFFURFRIL,BNFVZFILRPVNR,20190605174314,002,000,ION
ZVRIFNIPV,BNFVZNNFFLPUU,20190605174313,002,000,ION
ZFUNVFPVZ,BNFVZNNFFLPUU,20190605174313,002,000,ION
IIFPUNVROZO,BNFVZNPRFOOFP,20190605174313,002,000,II
ILFVFNIOPNN,BNFVZNNIUOUFN,20190605174313,002,000,IL
IPOZZUNNUFFV,BURVDUZNVLOVVPINORVN,20190605174312,002,000,IPO
IIFNNVFUPRI,BNFVZNNIUPVIP,20190605174312,002,000,II
VIVLIFUFV,BNFVZNUVOVIIP,20190605174312,002,000,ION
ZNPFVVOLR,BNFVZVOLLOFOR,20190605174311,002,000,ION
VPLUPRNZI,BNUUZNRNZIZRN,20190605174311,002,000,ION
VNUILLPUN,BNUUZNLUVRVZN,20190605174311,002,000,ION
VOFIZUFVV,BNUUDUZNVLFVOFIINUUP,20190605174310,002,000,ION
NIOVLIFLOPO,BNFVZNNIUZRIU,20190605174310,002,000,NIOV
ZNVPVVLIN,BNFVZNOPVNUIZ,20190605174309,002,000,ION
ILZPILZVZZP,BNFVZFPINZZFF,20190605174309,002,000,IL
VNNVVFROU,BNUUZNPIIUFOR,20190605174309,002,000,ION
ZNUPPLINP,BNFVZNZNNPLVO,20190605174309,002,000,ION
ILFRNOLLVNV,BNFVZNILOLRPR,20190605174308,002,000,IL
ZNILILPPN,BNFVZNVLINFOZ,20190605174308,002,000,ION
VNUIIULUF,BNUUZNRFOVFZZ,20190605174308,002,000,ION
ZNRFUOIPU,BNFVZNPRRZFFV,20190605174307,002,000,ION
ILFNZRZLPUF,BNFVZFFFNRZNL,20190605174307,002,000,IL
VNNVNNRFL,BNUUZNVNNPIFO,20190605174307,002,000,ION
VOFNPIPNP,BNUUDUZNVLOVOFUPLILL,20190605174306,002,000,ION
ZNUURVFNO,BNFVZFLRPNIUN,20190605174306,002,000,ION
ZNVZIPIIV,BNFVZFUZRUNUVP,20190605174306,002,000,ION
VNUINNRVL,BNUUZNZUUPPZL,20190605174306,002,000,ION
LLVURVIONVIL,BNFVZNFFFOLPZL,20190605174305,002,000,LL
VNUIIULUF,BNUUZNVVINUOO,20190605174305,002,000,ION
ZNVOZZPRR,BNFVZNVOUPZOP,20190605174304,002,000,ION
LZNRIVNFVNLU,BNFVZFNZRIILL,20190605174303,002,000,LZ
VNUINUVRO,BNUUZNRFLVONF,20190605174303,002,000,ION
LLVUINVPZUZR,BNFVZFURNINLU,20190605174303,002,000,LL
IIRPVNZIPIO,BNFVZNNIUPIII,20190605174302,002,000,II
VNUILLPUN,BNUUZNNIPPRON,20190605174302,002,000,ION
LLRZVPRVIRZN,BURVDUZNZUUZIFOLFOLF,20190605174301,002,000,LL
ZFPUNVOFR,BNFVZFNOULNFU,20190605174301,002,000,ION
IOIPRFZNUZOO,BNFVZNFZFRFFL,20190605174301,002,000,IOI
LLRPINLFLNII,BNFVZNNIUPPZP,20190605174301,002,000,LL
ZNVURIZIU,BNFVZNUVOIOVU,20190605174300,002,000,ION
ZNPLRRVNU,BNFVZNPFPFOIU,20190605174300,002,000,ION
LZNRLVLFORON,BNFVZNNIULPFL,20190605174300,002,000,LZ
ZILOIUONV,BNUUZNPZNFLIN,20190605174259,002,000,ION
ILFZPNFOPPO,BNFVZNNIUZILI,20190605174259,002,000,IL
VNUINRZFF,BNUUZNVLVNVPP,20190605174259,002,000,ION
IOIPRFPFOPPZ,BNFVZFURNZFZN,20190605174258,002,000,IOI
VLLZLIIVOFNN,BNFVZNZLFZPVR,20190605174258,002,000,VLL
VNIVINLFV,BNUUZNFFIUFFF,20190605174258,002,000,ION
ZILUZPZFV,BNFVZNOIFRVIR,20190605174257,002,000,ION
ZNUUVFLFL,BNFVZNFPUFZZP,20190605174257,002,000,ION
ZIFOLUURZ,BNUUZNZLNUONF,20190605174257,002,000,ION
IIRPVPRRZPN,BNFVZFRRROPNN,20190605174257,002,000,II
ILFLVIUFIZZ,BURVDUZNZUUZIVRZZNOF,20190605174256,002,000,IL
VNNVIUZOU,BNUUZNPIRPZZV,20190605174256,002,000,ION
LURIVFILVZN,BNFVZVULPORZI,20190605174255,002,000,LU
LLRRVPRPFUNO,BNFVZFURILNRV,20190605174255,002,000,LL
LLVUIZRINNUU,BNFVZNNIUORZO,20190605174255,002,000,LL
ZNZNZVFOZ,BNFVZNLLIINLZ,20190605174254,002,000,ION
ILFLVRFUOIN,BURVZVUIUNIIR,20190605174254,002,000,IL
VVOONVNUU,BNUUZNIVVPFLO,20190605174254,002,000,ION
ZNVLRFFRF,BNFVZNNIURPFF,20190605174253,002,000,ION
IPONFVOPFLR,BURVZNFFVIZIV,20190605174253,002,000,IPO
LNRZPINFZRZ,BURVZNVRUZFZL,20190605174252,002,000,LN
VNUIIVFPN,BNUUZNZROUPZN,20190605174252,002,000,ION
ZFVUVRZNO,BNFVZFFIFVUFI,20190605174252,002,000,ION
ZNIRIPVUL,BNFVZNFVFPNLR,20190605174251,002,000,ION
LLRLZFUIVLFI,BNFVZFURIIPUI,20190605174251,002,000,LL
VNULNPVZR,BNUUZNZVLLVLI,20190605174251,002,000,ION
ZNFUVINUR,BNFVZFRLFPZOO,20190605174250,002,000,ION
IUPPUPFRP,BNFVZNVVZVRZZ,20190605174250,002,000,ION
LLRPIRNRPIOF,BNFVZFURNZUNI,20190605174249,002,000,LL
LZNRUZVOPVLR,BURVDUZNZUUZFNPOUPPL,20190605174249,002,000,LZ
IUVNUVIPUZNP,BNFVZNNIURFLR,20190605174249,002,000,IU
IIFIROPFUOL,BNFVZNNIURULF,20190605174248,002,000,II
VNUILLPUN,BNUUZNRZOVRUL,20190605174248,002,000,ION
ZFOZIRIVO,BNUUZNPZUFIIF,20190605174248,002,000,ION
VNNZIZZUU,BURVZNNIURPPU,20190605174247,002,000,ION
NINLPUOFVLZ,BNFVZNNIUOOIF,20190605174247,002,000,NINL
ZNRPRPUNN,BNFVZFFNPILNV,20190605174246,002,000,ION
LLVUIFZOVRVV,BNFVZVFNFRRII,20190605174246,002,000,LL
OONNZPFUVUNUR,BNFVZNUOFNFNF,20190605174246,002,000,OO
LZNRVVNNVIVO,BNFVZNNIULIRU,20190605174245,002,000,LZ
ILFFRFFRPZI,BNFVZNNIURLLL,20190605174245,002,000,IL
ZNOUUFLZR,BNFVZNUIPIILI,20190605174244,002,000,ION
IVLZFPRFPRR,BNFVZNFFILIVZ,20190605174244,002,000,IV
LZNFVRPNLLRO,BNFVZNRZFLPIR,20190605174244,002,000,LZ
ZNINVPFII,BNFVZNUUFONUU,20190605174243,002,000,ION
ILFIROFLLUN,BNFVZIUNNNILN,20190605174243,002,000,IL
VFVNPUIZN,BNUUDUZNVLFVNZRIROPU,20190605174242,002,000,ION
ZNOIFFILR,BNFVZNUNNUPLI,20190605174242,002,000,ION
ZNLOUZOZN,BNFVZNNZUFUUV,20190605174241,002,000,ION
ZNOZROZOR,BNFVZNUIIOFZO,20190605174241,002,000,ION
VNNVULUVU,BNUUZNRLVOIZZ,20190605174241,002,000,ION
LZNRIFUOZRUO,BNFVZNNIUPIPO,20190605174240,002,000,LZ
NPFVVRUZUVN,BURVZNOLPPLUU,20190605174240,002,000,NPFV
ZNVNNFZVO,BNFVFUZNOUNROZN,20190605174240,002,000,ION
IOIPRZFUOONI,BNFVZVLIZVLRN,20190605174239,002,000,IOI
VNNVVVZPO,BNUUZNOUZNZNU,20190605174239,002,000,ION
ILFRIFNUUVP,BNFVZNNIUFZRO,20190605174239,002,000,IL
IIFPVPLZFPU,BNFVZNZIUIPZO,20190605174238,002,000,II
ZNIOVLOZU,BNFVZNVLIORNN,20190605174238,002,000,ION
ZNOLVPFRR,BNFVZNOVPUNPF,20190605174237,002,000,ION
ZIULLUIUU,BNFVZNRZPURLN,20190605174237,002,000,ION
VNNZIZZUU,BURVZNNIUZPVU,20190605174237,002,000,ION
ILFIZNUPVOI,BNFVZNNOVOFLI,20190605174236,002,000,IL
VNUIILLNI,BNUUDUZNZUUZFFRPONPP,20190605174236,002,000,ION
ILZNVPFPIPZ,BNFVZNNIUZNPU,20190605174236,002,000,IL
PUPVUURZV,BURVZNVULIZRU,20190605174235,002,000,ION
LFRFVUZLNNR,BNFVZNNIUPZOL,20190605174234,002,000,LF
ZNVOFRRUO,BNFVZNFPURIPF,20190605174234,002,000,ION
ZFPNIFIIR,BNFVZFUZRUUUIU,20190605174234,002,000,ION
LNLLOONZPPR,BNFVZFOOOUUNR,20190605174233,002,000,LN
ZFROUPUIO,BNFVZFUZRUNPZP,20190605174233,002,000,ION
IZIIZINPLZZI,BNFVZNNIUOINN,20190605174232,002,000,IZ
IIFNORRFVZZ,BNFVZNPIZURIU,20190605174232,002,000,II
ZNZRPNZOL,BNFVZNPIZIZOR,20190605174232,002,000,ION
LLVUIINPNNNN,BNFVZFUPNFFFO,20190605174231,002,000,LL
IIFIFLZUPIV,BNFVZNVPPPNPU,20190605174231,002,000,II
ZIFOLUURZ,BNUUZNFIZLLOL,20190605174231,002,000,ION
LZNONORLLIRFU,BNFVZNNIUPVNN,20190605174231,002,000,LZ
LLNFNLONLPON,BNFVZNFURPOOL,20190605174230,002,000,LL
IOVFZNOZRLUI,BNFVZNNIUZIOU,20190605174230,002,000,IOV
ILFVZPRPNVI,BNFVZNZPIIOVN,20190605174229,002,000,IL
VNZVIPUUU,BNUUVNUZPPRNU,20190605174229,002,000,ION
IZUPNRINROLN,BNFVZNUPZZZON,20190605174228,002,000,IZ
ILFFIFVNRFF,BNFVZFZRUNPLL,20190605174228,002,000,IL
ZFOPFFLPO,BNFVZNPFRPPNN,20190605174228,002,000,ION
ZIULORUFI,BNFVZVFOVOPNO,20190605174227,002,000,ION
IIFRUPFVPPF,BNFVZFUZRUNRIF,20190605174227,002,000,II
ILFFZLNNRZN,BNFVZNNIUZOFN,20190605174227,002,000,IL
ZNPVVLZLL,BNFVZNLFNZIII,20190605174226,002,000,ION
ZNVUOZVVU,BNFVZNNFFLPUU,20190605174226,002,000,ION
ZFRVNNLLR,BNFVZNVLLOUIO,20190605174226,002,000,ION
ZIZLIFLFZ,BNFVZFIINVZZF,20190605174226,002,000,ION
LNRPFUVFZIR,BNFVZFUPIIOFN,20190605174225,002,000,LN
ZNPFRPROI,BNFVZNZUUOUNV,20190605174225,002,000,ION
ZFZNVFFFO,BNFVZFUZRUFUVZ,20190605174224,002,000,ION
ILFONZRLFUI,BNFVZFIVUILUO,20190605174224,002,000,IL
VNULILLRZ,BNUUZNVINNNZV,20190605174224,002,000,ION
ILFFNLZZRIU,BNFVZNNIUPVLF,20190605174224,002,000,IL
ZFVNPZPUN,BNFVZNUZVRVLL,20190605174223,002,000,ION
IIFRPIUUOUL,BNFVZFIPVUZFF,20190605174223,002,000,II
ZNUPLPLPP,BNFVZNNROOZVF,20190605174223,002,000,ION
ILFUOZPOIRO,BNFVZNNIUROFP,20190605174222,002,000,IL
ZNVOORVLU,BNFVZNFONPRVP,20190605174222,002,000,ION
ZFRRVULRO,BNFVZNLURUUNU,20190605174222,002,000,ION
ZNFUPUIRL,BNFVZNNFFLPUU,20190605174221,002,000,ION
ZNUONZRLN,BNFVZNULLPRIP,20190605174221,002,000,ION
ZNLUOVUZZ,BNFVZNPZFVVON,20190605174221,002,000,ION
IIFNZPOILOO,BNFVZNNIULPOU,20190605174220,002,000,II
ZNFRRPVIZ,BNFVZNVZLUIUZ,20190605174220,002,000,ION
LZNRFLLLFZUNV,BNFVZNINOOUPO,20190605174220,002,000,LZ
VVZLIOPOU,BNFVZVLLUPIIP,20190605174220,002,000,ION
ZIFOLPFLN,BURVDUZNZUUZIFNNORPZ,20190605174219,002,000,ION
ZFFFLPONV,BNFVZFUZRUUPIN,20190605174219,002,000,ION
ZFPVVRZIP,BNFVZFOOUOVLZ,20190605174218,002,000,ION
LLRLOLZLNPNO,BNFVZFUZNFVLR,20190605174218,002,000,LL
VNULVNVVL,BNUUZNFLILONI,20190605174218,002,000,ION
ZNRVUUUZF,BNFVZNZLLLVOV,20190605174217,002,000,ION
ILFZRLPPINP,BNFVZNZRRIFVI,20190605174217,002,000,IL
ILFNZVPOUPL,BNFVZNNIUORZF,20190605174217,002,000,IL
VOPPLRVRLLOO,BNFVZNFUIOIFP,20190605174216,002,000,VOP
IULOUNFIP,BNUUZVULVURPL,20190605174216,002,000,ION
IIRFVRUZUIO,BNFVZNNIUZVPL,20190605174216,002,000,II
IOVVUIUNFIF,BNFVZNOFPLFRR,20190605174216,002,000,IOV
ZIOFRPIOI,BNFVZNNFFLPUU,20190605174215,002,000,ION
VIZRUURLU,BNUUDUZNVLFVNUIFUZUF,20190605174215,002,000,ION
LVUFUPNRVIIU,BURVZNNIURLRZ,20190605174215,002,000,LVU
ZNZPIZVUI,BNFVZNPFVFLVI,20190605174214,002,000,ION
VZFVLUPVV,BNUUZNLPRFFZR,20190605174214,002,000,ION
ZNVFLRPIO,BNFVZNNFFLPUU,20190605174213,002,000,ION
ZIFPOOURP,BNFVZNUNNUVII,20190605174213,002,000,ION
ZNRLURVZL,BNFVZNNFFLPUU,20190605174213,002,000,ION
LFRULZVPZUL,BNFVZFLVUZZOO,20190605174213,002,000,LF
ZNROIUNNL,BNFVZNVUOIUFU,20190605174212,002,000,ION
ZRVOUZOOOVNF,BURVZNUVLOOVU,20190605174212,002,000,ZRV
VNNLONIFU,BNFVZNVZIILOR,20190605174212,002,000,ION
INFOORIULRI,BNFVZNNIULNLV,20190605174211,002,000,IN
VLLZVFIVVNFZ,BURVDUZNZUUZFZRZZLRN,20190605174211,002,000,VLL
VNUIUVPPZ,BNUUZNZUIFZFF,20190605174211,002,000,ION
ZUOIVORLPVNN,BNFVZNNIUFURU,20190605174210,002,000,ZU
ZNRVFFUIU,BNFVZNZOLULRL,20190605174210,002,000,ION
IIFNIFINZPZ,BURVDUZNZUUZFOUPPLOR,20190605174210,002,000,II
ZNIVNUONR,BURVZNORZURLI,20190605174209,002,000,ION
VNUINNRVL,BNUUDUZNVLOVNLLNLFOU,20190605174209,002,000,ION
ZNUZNLZOZ,BURVZNPLOLPFZ,20190605174208,002,000,ION
VOIFNNRNU,BNFVZNPFVRIOR,20190605174208,002,000,ION
VOIOILVUU,BNFVZFPOORPRP,20190605174207,002,000,ION
ZVOZRRVUO,BNFVZNIOFVNFI,20190605174207,002,000,ION
IIIOPLNORVP,BNFVZNPPZVIOO,20190605174207,002,000,II
ZNRRPZZUZ,BNFVZFOLIPLON,20190605174206,002,000,ION
ZNOVPNPZN,BNFVZNVVPPPVU,20190605174206,002,000,ION
ZFRVNNLLR,BNFVZFVVLVOLZ,20190605174206,002,000,ION
ZNLFFPNVF,BNFVZNNNUOILV,20190605174205,002,000,ION
ZNLLVZUUN,BNFVZFVNZIINZ,20190605174205,002,000,ION
IIFLUIUZNFV,BNFVZFPZPNFNU,20190605174205,002,000,II
VNUIIULUF,BNUUZNLORVIVI,20190605174205,002,000,ION
IRFFUOUVV,BURVZNZPLULON,20190605174204,002,000,ION
ILFZUVVFIFI,BNFVZNNIUFZFR,20190605174204,002,000,IL
ZNZLNVIVL,BNUUDUZNVLFVNZVFPVUP,20190605174204,002,000,ION
VNULFUVOF,BNUUZNZNIPRLP,20190605174204,002,000,ION
NZUPIVOOLNZ,BNFVZNNIULOLI,20190605174203,002,000,NZUP
VVZFPIIVNIR,BNFVZFRVILNVU,20190605174203,002,000,VVZ
VNUIIULUF,BNUUDUZNZUUZIZVVPRVR,20190605174203,002,000,ION
LLRFVLLFNFLR,BNFVZNNIUZOIR,20190605174202,002,000,LL
ZNPNVPOUN,BNFVZNINIVOUU,20190605174202,002,000,ION
ZFOZIRIVO,BNUUZNLONFNOU,20190605174202,002,000,ION
ILFURIOOUPL,BNFVZNUUIFPPU,20190605174201,002,000,IL
VOFOPUVUU,BNFVZFVZRNPOI,20190605174201,002,000,ION
VNUILZFVF,BNUUZNNZVONIN,20190605174201,002,000,ION
RZVPVVZFVZR,BURVZNNIUFFPU,20190605174200,002,000,R
ZNFOVFILL,BNFVZNPPNOIOP,20190605174200,002,000,ION
